0.020179 0.841702
0.288724 0.746070
0.928986 0.905909
0.671730 0.639363
0.411275 0.139444
0.671531 0.132569
0.034394 0.631439
0.559986 0.472270
0.341984 0.097065
0.689129 0.320492
0.944503 0.033348
0.059042 0.604322
0.968347 0.387194
0.412215 0.999681
0.639877 0.049460
0.349947 0.877301
0.147731 0.906018
0.419490 0.596075
0.621578 0.286878
0.357647 0.194696
0.376808 0.934350
0.698477 0.520495
0.462729 0.241491
0.092082 0.914640
0.491508 0.807969
0.707509 0.579079
0.933653 0.815671
0.040261 0.413837
0.451455 0.639224
0.760261 0.309440
0.356646 0.788948
0.444563 0.203194
0.094034 0.118696
0.699618 0.887954
0.302395 0.194717
0.988295 0.246675
0.385081 0.496626
0.046586 0.460881
0.770038 0.417176
0.976190 0.679064
0.523844 0.119888
0.672234 0.768029
0.606817 0.524388
0.176464 0.389247
0.804153 0.523363
0.428094 0.930314
0.337675 0.580162
0.930335 0.175278
0.790231 0.976436
0.473464 0.737950
0.494722 0.561971
0.072748 0.863821
0.606243 0.143277
0.346640 0.645595
0.801664 0.441381
0.927303 0.281443
0.485590 0.980204
0.779110 0.884738
0.817160 0.709781
0.165876 0.266342
0.344952 0.823576
0.341662 0.752731
0.286560 0.912737
0.352088 0.277372
0.274314 0.472651
0.872975 0.299013
0.462300 0.404707
0.595880 0.379642
0.886517 0.702380
0.318751 0.441692
0.889459 0.376909
0.391482 0.687960
0.621139 0.895999
0.708656 0.410964
0.980275 0.625898
0.378735 0.038205
0.098795 0.967136
0.876677 0.090057
0.814771 0.329004
0.749582 0.162788
0.484591 0.210108
0.816933 0.174906
0.280943 0.630336
0.860971 0.996306
0.536575 0.923146
0.632194 0.436509
0.555906 0.602542
0.636547 0.158023
0.715297 0.485208
0.047665 0.176174
0.840288 0.246042
0.127371 0.566826
0.961459 0.922530
0.790248 0.645546
0.582902 0.910963
0.598928 0.245920
0.942557 0.249619
0.679870 0.454235
0.144531 0.668798
0.491304 0.314512
0.630088 0.717607
0.814733 0.486228
0.487159 0.851936
0.660052 0.997768
0.878319 0.339276
0.112635 0.869385
0.432576 0.497980
0.861008 0.595863
0.247029 0.405688
0.896073 0.206697
0.768569 0.005440
0.582380 0.055783
0.169214 0.837172
0.226901 0.926880
0.205877 0.506019
0.213399 0.360166
0.306134 0.881349
0.172011 0.011669
0.852638 0.433261
0.879348 0.912597
0.524246 0.535008
0.105744 0.207629
0.194878 0.905780
0.652929 0.854984
0.978098 0.280281
0.398764 0.213092
0.870538 0.841071
0.617567 0.961948
0.996446 0.998467
0.252808 0.057686
0.425782 0.359194
0.201310 0.599813
0.352387 0.686721
0.234897 0.120704
0.962639 0.074013
0.555436 0.746278
0.575738 0.283815
0.575348 0.198909
0.341070 0.157921
0.667001 0.928679
0.274020 0.859191
0.773898 0.594495
0.285104 0.115996
0.588673 0.830225
0.248587 0.546963
0.796077 0.082981
0.135792 0.972937
0.874191 0.643212
0.190016 0.753863
0.752582 0.858652
0.681546 0.826815
0.093025 0.171500
0.713376 0.742721
0.635083 0.015035
0.916404 0.653417
0.263057 0.804909
0.140201 0.473488
0.029887 0.878114
0.194502 0.081117
0.936263 0.738119
0.980918 0.965162
0.249614 0.507254
0.382897 0.078570
0.212011 0.470261
0.800854 0.369901
0.454523 0.794406
0.112299 0.356345
0.090213 0.631466
0.249513 0.706520
0.511879 0.070555
0.676833 0.561605
0.366982 0.408906
0.784491 0.042033
0.021465 0.709301
0.586910 0.430607
0.178819 0.651254
0.740413 0.381371
0.467464 0.496547
0.544968 0.972713
0.771230 0.765712
0.434225 0.164462
0.882415 0.804646
0.994155 0.089332
0.234832 0.218653
0.837022 0.302370
0.717371 0.194321
0.284736 0.665805
0.057072 0.080494
0.528015 0.021056
0.822124 0.761048
0.896140 0.443288
0.573276 0.345305
0.973583 0.166011
0.082024 0.341658
0.998887 0.781364
0.126170 0.017059
0.735535 0.250492
0.416107 0.536616
0.420896 0.252242
0.907215 0.595516
0.049861 0.816546
0.734697 0.970874
0.322115 0.798297
0.956264 0.575530
0.859475 0.750917
0.862627 0.498737
0.474820 0.353164
0.555745 0.417312
0.065800 0.537449
0.042773 0.982399
0.185376 0.161357
0.016474 0.597945
0.628472 0.829156
0.091163 0.294839
0.924851 0.123879
0.342547 0.352789
0.665916 0.236347
0.642847 0.336561
0.064229 0.715321
0.667624 0.285263
0.716389 0.628606
0.496148 0.456242
0.599099 0.864909
0.128611 0.084331
0.414829 0.446227
0.313816 0.234783
0.902803 0.745102
0.934409 0.463227
0.497674 0.644010
0.347971 0.021844
0.123054 0.697348
0.376127 0.344917
0.236279 0.994873
0.950015 0.866488
0.402957 0.780397
0.200012 0.686421
0.092911 0.572682
0.142439 0.202239
0.571327 0.087722
0.000813 0.448973
0.006805 0.196874
0.409280 0.821148
0.164024 0.314223
0.050352 0.761691
0.258883 0.763460
0.550082 0.319988
0.612648 0.770312
0.220446 0.182607
0.010290 0.379766
0.349475 0.961999
0.953688 0.320527
0.118913 0.784729
0.711440 0.345733
0.722164 0.124019
0.979724 0.002902
0.000619 0.805828
0.452145 0.325800
0.740485 0.917564
0.131612 0.838097
0.202411 0.433587
0.288234 0.308917
0.909291 0.323631
0.260890 0.163917
0.759815 0.522066
0.924166 0.374699
0.828915 0.938686
0.983292 0.458805
0.297530 0.010209
0.789503 0.805198
0.230605 0.670509
0.417514 0.030252
0.419294 0.719025
0.444088 0.885131
0.551718 0.142334
0.520105 0.227611
0.700806 0.092783
0.741062 0.654509
0.259142 0.333738
0.471170 0.125199
0.869114 0.000827
0.153903 0.744416
0.200854 0.824935
0.171662 0.790769
0.426131 0.409601
0.009889 0.657678
0.352220 0.484842
0.133687 0.401936
0.319046 0.701690
0.229064 0.868835
0.748550 0.097430
0.302822 0.974747
0.723762 0.807135
0.914782 0.547687
0.227606 0.744541
0.974483 0.514434
0.812286 0.224044
0.687475 0.060642
0.092048 0.029404
0.320231 0.921086
0.852779 0.188792
0.152045 0.126578
0.129419 0.512298
0.852968 0.387898
0.587610 0.991138
0.002712 0.047282
0.475844 0.038656
0.862592 0.945370
0.711944 0.842015
0.831083 0.027466
0.604166 0.638654
0.306947 0.388627
0.093908 0.818633
0.900729 0.867697
0.241533 0.587952
0.741662 0.558705
0.636323 0.476680
0.397036 0.632425
0.838651 0.643827
0.398560 0.287175
0.523114 0.861625
0.530106 0.494547
0.905420 0.994249
0.828010 0.871108
0.422221 0.964186
0.995601 0.884804
0.701011 0.028726
0.832261 0.816797
0.224479 0.624844
0.995821 0.421063
0.274638 0.947075
0.195125 0.294313
0.369565 0.444238
0.042703 0.013836
0.981746 0.345607
0.045146 0.292666
0.685083 0.959950
0.409506 0.859344
0.951787 0.201207
0.094512 0.430017
0.569804 0.702697
0.896214 0.022554
0.008182 0.080508
0.953648 0.995833
0.322594 0.500606
0.774673 0.945138
0.894624 0.261169
0.500322 0.906333
0.177632 0.233315
0.561829 0.569099
0.708190 0.699894
0.753731 0.734060
0.928537 0.423668
0.173785 0.517940
0.002110 0.250823
0.547974 0.652415
0.369715 0.233878
0.237134 0.277426
0.416740 0.326069
0.606509 0.592890
0.984392 0.210260
0.970261 0.816197
0.029453 0.931392
0.380625 0.566213
0.450590 0.569682
0.021634 0.327596
0.394060 0.000101
0.469368 0.945700
0.773915 0.231839
0.903275 0.490361
0.502864 0.763409
0.240286 0.837148
0.838086 0.526407
0.518918 0.180235
0.894414 0.157056
0.209852 0.559929
0.843774 0.153494
0.088920 0.497584
0.283882 0.040876
0.633623 0.676307
0.000451 0.991447
0.498739 0.609334
0.293794 0.543139
0.256545 0.896140
0.226212 0.017943
0.512214 0.391032
0.170748 0.455243
0.448235 0.281129
0.365701 0.123087
0.121827 0.149145
0.066918 0.671216
0.048193 0.122621
0.380788 0.156409
0.022425 0.557108
0.264210 0.200055
0.738504 0.045358
0.641347 0.564630
0.527187 0.292917
0.329686 0.053075
0.630495 0.210846
0.006353 0.511053
0.179342 0.350157
0.678897 0.188019
0.645354 0.605498
0.600480 0.689109
0.278667 0.364121
0.419819 0.092709
0.872049 0.554157
0.648833 0.090502
0.248454 0.448267
0.119038 0.257239
0.998758 0.052118
0.571269 0.943617
0.199556 0.963322
0.333858 0.310687
0.791705 0.138769
0.121141 0.323055
0.086448 0.239901
0.785317 0.556901
0.553041 0.379812
0.461788 0.079602
0.367874 0.599936
0.999200 0.734097
0.374945 0.987616
0.270511 0.246322
0.129909 0.638184
0.789355 0.847867
0.493204 0.682601
0.161750 0.615897
0.616417 0.110870
0.791038 0.681617
0.002441 0.756616
0.542426 0.056061
0.569554 0.800801
0.675689 0.726603
0.611602 0.323101
0.842433 0.907499
0.041893 0.506652
0.521435 0.431774
0.735550 0.435719
0.317694 0.133570
0.381757 0.726262
0.725451 0.296174
0.850712 0.714090
0.930034 0.781469
0.900820 0.944576
0.595703 0.479500
0.096919 0.749324
0.985815 0.127191
0.438458 0.002129
0.208189 0.049632
0.662171 0.524561
0.764809 0.460671
0.993673 0.311418
0.928301 0.695705
0.159238 0.068036
0.392198 0.898203
0.815897 0.577277
0.803830 0.911053
0.310429 0.275635
0.486668 0.165976
0.302821 0.604632
0.517899 0.998682
0.712802 0.938768
0.884796 0.411601
0.393932 0.386568
0.992695 0.552721
0.054290 0.904043
0.845415 0.077101
0.460649 0.535465
0.354715 0.526545
0.206818 0.790905
0.947432 0.618896
0.872244 0.056496
0.492482 0.522858
0.121407 0.931851
0.652092 0.374450
0.817353 0.408982
0.746842 0.342481
0.669147 0.489642
0.320341 0.850509
0.427876 0.680998
0.455289 0.447400
0.525112 0.812677
0.686175 0.670460
0.166064 0.948994
0.076088 0.399673
0.518417 0.346583
0.002328 0.145517
0.662842 0.893209
0.545453 0.259087
0.283323 0.437144
0.668771 0.008912
0.561704 0.512537
0.565054 0.003111
0.169450 0.982494
0.931273 0.962986
0.102252 0.664735
0.653708 0.805855
0.044334 0.362807
0.834488 0.113969
