0.990044 0.141612
0.161935 0.669058
0.763429 0.771286
0.488705 0.611583
0.647100 0.590133
0.545776 0.408278
0.246644 0.926838
0.429894 0.730779
0.348150 0.993030
0.834493 0.689268
0.088195 0.071829
0.913555 0.576805
0.620341 0.380211
0.834391 0.950288
0.568436 0.702818
0.812495 0.330197
0.156620 0.231408
0.213424 0.702835
0.120732 0.400315
0.039105 0.347963
0.014675 0.817852
0.166523 0.451592
0.863425 0.814520
0.273969 0.430988
0.316706 0.539752
0.383237 0.146675
0.382255 0.670254
0.039990 0.966018
0.702294 0.245097
0.487293 0.739761
0.729558 0.477138
0.331455 0.770952
0.002290 0.664058
0.067304 0.110265
0.639422 0.935751
0.310620 0.309675
0.033960 0.690787
0.895361 0.453922
0.330821 0.100238
0.912199 0.622917
0.023749 0.566381
0.040539 0.438502
0.779153 0.255337
0.063038 0.904986
0.641754 0.026269
0.872986 0.310686
0.410545 0.334210
0.258801 0.359901
0.344605 0.591749
0.156185 0.621017
0.980392 0.676176
0.296156 0.829396
0.214936 0.000819
0.306416 0.234529
0.335856 0.428358
0.770844 0.147999
0.551237 0.526267
0.584005 0.272441
0.595529 0.735412
0.232767 0.627217
0.637975 0.179958
0.305160 0.020664
0.336656 0.143666
0.683068 0.030362
0.221127 0.211012
0.299274 0.168963
0.923018 0.655010
0.217043 0.956574
0.490814 0.898010
0.984698 0.217320
0.570295 0.784826
0.667606 0.724693
0.896623 0.110331
0.613426 0.143137
0.721569 0.307952
0.810560 0.481066
0.462778 0.455861
0.972411 0.279062
0.729125 0.882502
0.871077 0.899324
0.020195 0.197769
0.335284 0.710799
0.714060 0.387887
0.839861 0.784335
0.469638 0.941607
0.675265 0.971813
0.453042 0.192074
0.763822 0.673189
0.893017 0.191119
0.721907 0.092071
0.066910 0.778636
0.135002 0.117625
0.210015 0.538259
0.412351 0.845325
0.911929 0.822767
0.703054 0.710035
0.215988 0.851949
0.853405 0.217624
0.865666 0.431303
0.464041 0.050979
0.723558 0.541003
0.215939 0.482348
0.354669 0.463765
0.384035 0.298625
0.700936 0.061729
0.065330 0.561170
0.797654 0.037335
0.254893 0.280918
0.717558 0.954943
0.298319 0.758035
0.352033 0.654232
0.124883 0.465859
0.704843 0.572157
0.222059 0.041561
0.613251 0.813119
0.592481 0.347162
0.743109 0.819054
0.904898 0.228975
0.382976 0.041770
0.142014 0.720730
0.781867 0.499812
0.745491 0.117462
0.502088 0.509277
0.312196 0.609930
0.419147 0.052830
0.986332 0.925910
0.565303 0.307587
0.441439 0.674116
0.454718 0.837349
0.553237 0.050693
0.018066 0.112840
0.471803 0.251009
0.313951 0.066172
0.870922 0.582998
0.585733 0.083148
0.664177 0.301221
0.115381 0.789350
0.938195 0.243792
0.253740 0.196843
0.498034 0.223268
0.448249 0.502655
0.296295 0.895677
0.433670 0.422448
0.594327 0.214829
0.520741 0.319051
0.514218 0.089959
0.895455 0.725089
0.294267 0.402875
0.280370 0.653941
0.058679 0.180032
0.844802 0.555622
0.812641 0.523014
0.498704 0.449283
0.444925 0.785521
0.734598 0.415638
0.764001 0.884287
0.699994 0.645111
0.028791 0.608794
0.091792 0.379126
0.703505 0.811878
0.966440 0.619302
0.059963 0.016968
0.069071 0.286708
0.415735 0.761218
0.906436 0.156599
0.582076 0.457840
0.259214 0.964480
0.196613 0.112074
0.410603 0.549689
0.525643 0.621103
0.920441 0.957468
0.084015 0.978952
0.756152 0.713153
0.129199 0.936360
0.678784 0.873258
0.893955 0.347618
0.710622 0.004768
0.140244 0.570026
0.664296 0.779149
0.866686 0.509770
0.963196 0.432308
0.752398 0.359782
0.770192 0.394370
0.819839 0.909670
0.927407 0.420499
0.927359 0.746608
0.106170 0.228236
0.247895 0.512896
0.368071 0.358447
0.485257 0.683865
0.873031 0.042015
0.611381 0.610942
0.541428 0.186045
0.091954 0.823821
0.482601 0.175473
0.661141 0.240674
0.545671 0.835006
0.230492 0.816182
0.074494 0.617240
0.605304 0.655739
0.248655 0.007926
0.960452 0.860923
0.616407 0.968203
0.025657 0.852006
0.215143 0.345898
0.837411 0.353767
0.033380 0.291141
0.009854 0.776302
0.433992 0.277037
0.103664 0.704713
0.141068 0.154613
0.924019 0.698757
0.910721 0.912380
0.354058 0.834021
0.433467 0.121297
0.831285 0.245690
0.582357 0.832177
0.793683 0.798043
0.260320 0.690503
0.574284 0.890851
0.272235 0.865990
0.959819 0.344456
0.674167 0.351763
0.777891 0.330280
0.718466 0.996630
0.881800 0.548092
0.960404 0.552866
0.459363 0.589409
0.085017 0.155674
0.123410 0.660012
0.173818 0.069506
0.419370 0.958734
0.815834 0.114830
0.384309 0.631974
0.848165 0.741379
0.949502 0.925145
0.500296 0.047969
0.721346 0.613599
0.283028 0.534201
0.169410 0.512122
0.042238 0.534224
0.189948 0.258832
0.074732 0.653453
0.868017 0.640083
0.998196 0.990410
0.536756 0.285743
0.301257 0.342547
0.996928 0.402411
0.000460 0.880356
0.164701 0.333220
0.270911 0.584098
0.236348 0.776617
0.967733 0.745242
0.353663 0.181275
0.932941 0.780935
0.254754 0.057372
0.180704 0.201139
0.431170 0.908280
0.264423 0.803176
0.874236 0.946273
0.722136 0.768370
0.632732 0.734588
0.162047 0.783178
0.560847 0.369246
0.649551 0.693340
0.531574 0.910352
0.342060 0.948319
0.763882 0.031912
0.963916 0.811421
0.376389 0.930483
0.637346 0.091028
0.366464 0.089483
0.775616 0.579980
0.476134 0.395558
0.578497 0.006493
0.581887 0.399744
0.112164 0.611750
0.926337 0.869504
0.591392 0.555606
0.521362 0.963656
0.012471 0.251728
0.095845 0.265588
0.113239 0.178080
0.957730 0.492666
0.643798 0.515616
0.805166 0.162109
0.907919 0.283674
0.807001 0.756400
0.938946 0.317046
0.680358 0.212716
0.002823 0.029601
0.008116 0.929877
0.652015 0.849696
0.013427 0.320475
0.371688 0.876973
0.923794 0.009186
0.626420 0.331638
0.517279 0.783270
0.016260 0.380941
0.030028 0.480904
0.163430 0.022723
0.272040 0.484417
0.833536 0.856065
0.128085 0.838328
0.505990 0.559852
0.267687 0.233072
0.802557 0.636997
0.994269 0.045527
0.202713 0.306843
0.771160 0.937906
0.588878 0.176690
0.678215 0.444836
0.392785 0.181876
0.626144 0.293915
0.809984 0.587258
0.491485 0.845783
0.358876 0.254620
0.954418 0.100454
0.802719 0.421186
0.640590 0.895025
0.554799 0.973142
0.232312 0.089667
0.986311 0.466975
0.105617 0.887953
0.859769 0.004272
0.381368 0.799458
0.400075 0.423096
0.867847 0.166722
0.281376 0.993421
0.120753 0.321251
0.714961 0.848948
0.268632 0.127866
0.147231 0.879372
0.338579 0.903223
0.369005 0.506791
0.254774 0.735379
0.625539 0.768323
0.993858 0.562908
0.778026 0.461772
0.134239 0.367646
0.875996 0.257928
0.731576 0.204089
0.311930 0.479327
0.686479 0.093014
0.998170 0.079920
0.302315 0.723580
0.406811 0.226570
0.199762 0.916873
0.680435 0.503659
0.172451 0.551442
0.454288 0.003982
0.445652 0.365908
0.096289 0.488520
0.858051 0.106514
0.196598 0.809185
0.181687 0.401892
0.879458 0.853236
0.607724 0.425764
0.609925 0.504471
0.530719 0.693458
0.427261 0.997543
0.459953 0.335520
0.053558 0.387033
0.377138 0.717723
0.748196 0.636402
0.220147 0.409454
0.996450 0.854919
0.119340 0.536129
0.274652 0.311837
0.792068 0.989954
0.612260 0.864373
0.906080 0.382753
0.591938 0.927839
0.510942 0.004365
0.675562 0.543484
0.172834 0.941236
0.794642 0.200011
0.626516 0.548415
0.560843 0.660109
0.408989 0.087353
0.837912 0.297678
0.731303 0.272069
0.516417 0.151379
0.160232 0.824863
0.011339 0.153572
0.097895 0.752439
0.006761 0.733073
0.554304 0.597853
0.532700 0.731227
0.350730 0.398098
0.762165 0.075936
0.789093 0.725610
0.201756 0.597820
0.392173 0.582791
0.959674 0.191839
0.414545 0.698212
0.703153 0.128970
0.602165 0.033513
0.218012 0.886296
0.139163 0.281082
0.659059 0.394761
0.305985 0.938713
0.084400 0.318268
0.158994 0.992240
0.797814 0.373958
0.480324 0.811862
0.212687 0.165516
0.407372 0.476754
0.619591 0.468144
0.874737 0.697275
0.557322 0.220705
0.099110 0.019642
0.980064 0.012437
0.095001 0.579018
0.950457 0.032552
0.929940 0.520096
0.214315 0.742201
0.015951 0.070000
0.231905 0.575115
0.068502 0.940988
0.366289 0.558446
0.063601 0.717704
0.239860 0.447050
0.198981 0.638019
0.397361 0.903067
0.831614 0.186545
0.045822 0.230854
0.671561 0.174170
0.350511 0.009911
0.841913 0.995809
0.141940 0.426435
0.445557 0.086737
0.657409 0.060806
0.852557 0.469225
0.935366 0.993263
0.335485 0.347773
0.446543 0.544843
0.547758 0.869613
0.371223 0.766074
0.654067 0.474294
0.233805 0.252055
0.288685 0.275146
0.065504 0.849892
0.801500 0.287634
0.011625 0.515661
0.474243 0.645031
0.337654 0.804761
0.985944 0.317689
0.195075 0.995436
0.104389 0.101631
0.999785 0.770045
0.713692 0.345737
0.531881 0.488784
0.000110 0.452917
0.253177 0.402021
0.547386 0.118331
0.726102 0.039224
0.136585 0.049608
0.792327 0.866316
0.640612 0.657161
0.929146 0.473799
0.663566 0.626459
0.735289 0.166136
0.315518 0.859730
0.814156 0.007969
0.728990 0.916863
0.344619 0.287865
0.426734 0.607317
0.178733 0.704610
0.484839 0.291014
0.896769 0.991267
0.814417 0.069607
0.964632 0.971248
0.657665 0.128184
0.889071 0.778142
0.917631 0.051331
0.461818 0.994514
0.995916 0.352583
0.445790 0.226762
0.318046 0.197080
0.108935 0.432913
0.861280 0.394649
0.127626 0.977580
0.011355 0.998755
0.414587 0.005616
0.387945 0.976127
0.304948 0.576176
0.550476 0.562689
0.465391 0.136849
0.225927 0.129446
0.144518 0.194804
0.054352 0.062937
0.234917 0.318094
0.075705 0.416477
0.566528 0.150666
0.504571 0.377213
0.992381 0.521903
0.991933 0.711403
0.046101 0.751435
0.956226 0.136125
