0	51
0	157
0	200
0	255
0	379
1	61
1	155
1	168
1	202
1	244
1	287
2	92
2	119
2	233
2	312
2	444
2	495
3	25
3	220
3	309
3	378
3	402
3	483
4	180
4	278
4	387
4	391
4	405
5	87
5	253
5	275
5	401
5	407
5	428
6	11
6	167
6	211
6	284
6	389
7	174
7	207
7	320
7	437
7	445
7	492
8	142
8	162
8	387
8	397
8	439
9	217
9	219
9	252
9	441
9	475
10	77
10	134
10	254
10	340
10	410
10	472
11	6
11	167
11	208
11	211
11	236
11	392
12	264
12	328
12	333
12	351
13	56
13	232
13	323
13	379
13	422
13	461
14	111
14	153
14	296
14	407
14	428
14	491
15	20
15	60
15	116
15	298
15	336
15	455
15	479
16	23
16	105
16	112
16	122
16	258
16	474
16	484
17	28
17	197
17	316
17	362
17	363
17	420
18	95
18	136
18	216
18	217
18	219
18	434
19	34
19	125
19	138
19	225
19	355
19	391
20	15
20	45
20	249
20	298
20	323
20	422
20	455
21	25
21	88
21	170
21	263
21	314
21	450
21	478
22	31
22	80
22	99
22	198
22	274
22	386
22	396
23	16
23	51
23	76
23	105
23	361
23	466
23	474
24	102
24	165
24	369
24	482
25	3
25	21
25	141
25	170
25	220
25	314
25	402
26	126
26	181
26	233
26	312
26	360
26	443
27	37
27	239
27	248
27	338
27	485
27	498
28	17
28	228
28	316
28	363
28	380
28	426
28	480
29	78
29	184
29	196
29	367
29	441
29	477
30	60
30	61
30	202
30	234
30	241
31	22
31	80
31	125
31	180
31	198
31	459
32	151
32	187
32	223
32	300
32	388
32	390
33	123
33	139
33	149
33	257
33	307
33	462
33	488
34	19
34	138
34	225
34	262
34	393
34	423
34	439
35	96
35	124
35	182
35	359
35	452
36	106
36	197
36	224
36	285
36	331
36	469
37	27
37	239
37	338
37	376
37	399
37	436
38	54
38	164
38	176
38	438
38	451
38	476
39	74
39	154
39	159
39	421
39	453
39	471
40	169
40	238
40	273
40	278
40	372
40	459
41	100
41	150
41	152
41	246
41	291
41	433
41	497
42	315
42	348
42	358
42	395
42	445
42	450
42	492
43	108
43	115
43	166
43	259
43	286
43	385
43	400
44	101
44	263
44	371
44	417
44	456
45	20
45	272
45	323
45	366
45	455
46	53
46	362
46	381
46	420
46	460
46	469
47	109
47	192
47	214
47	337
47	373
48	83
48	103
48	201
48	265
48	344
49	165
49	234
49	271
49	369
49	426
49	480
50	86
50	120
50	348
50	363
50	380
50	468
50	473
51	0
51	23
51	105
51	157
51	200
51	311
51	466
52	87
52	137
52	238
52	273
52	428
53	46
53	71
53	82
53	132
53	186
53	287
53	316
53	420
53	460
54	38
54	101
54	118
54	451
54	476
55	65
55	96
55	124
55	250
55	261
55	345
56	13
56	84
56	178
56	323
56	366
56	461
57	149
57	257
57	322
57	344
57	425
57	457
58	179
58	189
58	317
58	350
58	429
58	442
59	242
59	330
59	347
59	409
60	15
60	30
60	202
60	241
60	336
60	479
61	1
61	30
61	132
61	202
61	234
61	287
61	440
62	116
62	298
62	329
62	382
63	225
63	318
63	355
63	413
63	458
64	69
64	161
64	343
64	381
64	408
64	490
65	55
65	90
65	104
65	184
65	261
65	345
66	130
66	206
66	221
66	283
66	384
66	437
66	481
67	85
67	174
67	191
67	207
67	217
67	418
67	434
67	475
68	147
68	154
68	204
68	226
68	442
68	453
69	64
69	171
69	285
69	310
69	331
69	343
69	490
70	104
70	261
70	264
70	302
70	463
71	53
71	132
71	271
71	316
71	440
71	480
72	94
72	123
72	127
72	139
72	222
72	488
73	85
73	97
73	176
73	252
73	438
73	475
74	39
74	203
74	421
74	465
74	471
75	162
75	229
75	270
75	365
75	397
76	23
76	146
76	209
76	361
76	474
77	10
77	134
77	214
77	373
77	375
77	467
77	472
77	499
78	29
78	104
78	164
78	184
78	302
78	477
79	81
79	185
79	253
79	289
79	367
79	414
80	22
80	31
80	274
80	372
80	459
81	79
81	295
81	299
81	367
81	375
81	414
82	53
82	186
82	269
82	313
82	327
82	460
83	48
83	103
83	128
83	265
83	306
83	321
83	342
84	56
84	94
84	178
84	319
84	346
84	366
84	411
85	67
85	73
85	97
85	174
85	315
85	445
85	475
86	50
86	309
86	348
86	354
86	358
86	380
87	5
87	52
87	137
87	398
87	401
87	428
88	21
88	97
88	263
88	438
88	451
88	478
89	121
89	151
89	240
89	390
89	416
89	487
90	65
90	109
90	184
90	295
90	299
90	345
90	367
91	131
91	236
91	301
91	352
91	374
91	424
91	427
92	2
92	160
92	233
92	324
92	495
93	141
93	276
93	317
93	429
93	456
94	72
94	84
94	127
94	222
94	319
94	411
95	18
95	136
95	137
95	216
95	398
95	489
96	35
96	55
96	109
96	124
96	337
96	345
96	359
97	73
97	85
97	88
97	315
97	438
97	478
98	175
98	230
98	235
98	280
98	424
98	496
99	22
99	206
99	256
99	386
99	396
99	486
100	41
100	135
100	246
100	339
100	378
100	403
100	433
101	44
101	54
101	118
101	205
101	263
101	371
101	451
102	24
102	165
102	241
102	272
102	319
102	336
102	346
102	482
103	48
103	83
103	127
103	128
103	201
103	303
103	335
103	461
104	65
104	70
104	78
104	184
104	261
104	302
105	16
105	23
105	51
105	258
105	311
106	36
106	177
106	197
106	224
106	468
106	481
107	147
107	199
107	317
107	406
107	456
108	43
108	115
108	259
108	310
108	404
108	408
108	490
109	47
109	90
109	96
109	299
109	337
109	345
109	373
110	172
110	279
110	308
110	325
110	394
110	491
110	493
111	14
111	153
111	238
111	428
111	431
111	493
112	16
112	122
112	258
112	281
112	282
112	288
113	122
113	232
113	288
113	329
113	382
113	412
114	144
114	161
114	163
114	352
114	374
114	385
115	43
115	108
115	277
115	330
115	400
115	404
116	15
116	62
116	140
116	298
116	382
116	479
117	195
117	267
117	332
117	365
117	383
117	449
117	454
118	54
118	101
118	190
118	205
118	302
118	463
118	476
119	2
119	306
119	312
119	435
119	444
120	50
120	320
120	348
120	473
120	492
121	89
121	151
121	237
121	409
121	416
122	16
122	112
122	113
122	288
122	412
122	484
123	33
123	72
123	150
123	212
123	222
123	307
123	488
123	497
124	35
124	55
124	96
124	250
124	452
125	19
125	31
125	180
125	198
125	355
125	391
126	26
126	181
126	312
126	322
126	326
126	435
127	72
127	94
127	103
127	139
127	303
127	335
127	411
128	13
128	83
128	103
128	160
128	324
128	342
128	461
129	133
129	142
129	158
129	377
129	383
129	449
130	66
130	206
130	231
130	256
130	283
130	357
130	464
131	91
131	175
131	313
131	327
131	374
131	427
132	53
132	61
132	71
132	287
132	440
133	129
133	142
133	158
133	210
133	247
133	262
134	10
134	77
134	182
134	214
134	410
134	447
135	100
135	246
135	339
135	369
135	426
135	432
135	482
136	18
136	95
136	191
136	245
136	396
136	434
136	489
137	52
137	87
137	95
137	273
137	274
137	372
137	398
137	489
138	19
138	34
138	387
138	391
138	439
139	33
139	72
139	127
139	335
139	462
139	488
140	116
140	155
140	288
140	370
140	382
140	479
141	25
141	93
141	220
141	276
141	314
141	417
141	456
142	8
142	129
142	133
142	262
142	377
142	397
142	439
143	212
143	222
143	246
143	319
143	432
143	482
144	114
144	161
144	313
144	374
144	381
145	172
145	289
145	308
145	414
145	467
145	499
146	76
146	209
146	474
146	484
146	494
147	68
147	107
147	154
147	199
147	317
147	442
148	235
148	280
148	282
148	293
148	470
149	33
149	57
149	257
149	268
149	291
149	307
149	425
150	41
150	123
150	291
150	307
150	497
151	32
151	89
151	121
151	237
151	388
151	390
152	41
152	179
152	291
152	349
152	350
152	433
153	14
153	111
153	491
153	493
154	39
154	68
154	147
154	199
154	453
154	471
155	1
155	140
155	202
155	244
155	370
155	470
155	479
156	286
156	301
156	338
156	352
156	376
156	385
157	0
157	51
157	361
157	379
157	466
158	129
158	133
158	210
158	300
158	449
158	454
159	39
159	194
159	226
159	421
159	443
159	453
160	92
160	128
160	324
160	342
160	495
161	64
161	114
161	144
161	163
161	381
161	408
162	8
162	75
162	270
162	387
162	397
162	405
163	114
163	161
163	259
163	385
163	408
164	38
164	78
164	176
164	302
164	476
164	477
165	24
165	49
165	102
165	234
165	241
165	369
166	43
166	193
166	286
166	400
166	415
166	485
167	6
167	11
167	236
167	389
167	424
167	496
168	1
168	186
168	235
168	244
168	269
168	287
168	293
169	40
169	188
169	238
169	278
169	305
169	419
169	431
170	21
170	25
170	395
170	402
170	450
171	69
171	215
171	224
171	283
171	310
171	331
171	464
172	110
172	145
172	289
172	308
172	394
173	218
173	243
173	284
173	389
173	430
174	7
174	67
174	85
174	207
174	445
175	98
175	131
175	235
175	269
175	327
175	424
175	427
176	38
176	73
176	164
176	252
176	438
176	477
177	106
177	221
177	320
177	468
177	473
177	481
178	56
178	84
178	303
178	411
178	461
179	58
179	152
179	189
179	268
179	291
179	350
180	4
180	31
180	125
180	278
180	391
180	459
181	26
181	126
181	204
181	226
181	326
181	443
182	35
182	134
182	359
182	410
182	447
182	452
183	247
183	347
183	356
183	393
183	423
184	29
184	65
184	78
184	90
184	104
184	367
185	79
185	196
185	216
185	253
185	367
185	401
186	53
186	82
186	168
186	269
186	287
187	32
187	223
187	297
187	304
187	332
187	341
187	390
188	169
188	305
188	431
188	448
188	493
189	58
189	179
189	204
189	268
189	326
189	442
190	118
190	205
190	227
190	351
190	368
190	463
191	67
191	136
191	245
191	418
191	434
191	486
192	47
192	214
192	337
192	359
192	447
193	166
193	213
193	334
193	364
193	415
193	485
193	498
194	128
194	159
194	324
194	360
194	443
195	117
195	223
195	297
195	332
195	454
196	29
196	185
196	216
196	219
196	367
196	441
197	17
197	36
197	106
197	362
197	363
197	468
197	469
198	22
198	31
198	125
198	318
198	355
198	386
199	107
199	147
199	154
199	203
199	292
199	406
199	471
200	0
200	51
200	243
200	255
200	311
201	48
201	103
201	257
201	335
201	344
201	462
202	1
202	30
202	60
202	61
202	155
202	479
203	74
203	199
203	292
203	294
203	465
203	471
204	68
204	181
204	189
204	226
204	326
204	442
205	101
205	118
205	190
205	368
205	371
205	406
206	66
206	99
206	130
206	256
206	384
206	486
207	7
207	67
207	174
207	384
207	418
207	437
208	11
208	236
208	301
208	376
208	392
208	436
209	76
209	146
209	361
209	379
209	494
210	133
210	158
210	237
210	247
210	300
210	347
210	388
211	6
211	11
211	284
211	392
211	399
212	123
212	143
212	222
212	246
212	497
213	193
213	334
213	409
213	415
213	416
214	47
214	77
214	134
214	192
214	373
214	447
215	171
215	231
215	260
215	310
215	404
215	413
215	464
216	18
216	95
216	185
216	196
216	219
216	398
216	401
217	9
217	18
217	67
217	219
217	434
217	475
218	173
218	230
218	243
218	389
218	446
218	496
219	9
219	18
219	196
219	216
219	217
219	441
220	3
220	25
220	141
220	276
220	483
221	66
221	177
221	320
221	437
221	481
222	72
222	94
222	123
222	143
222	212
222	319
223	32
223	187
223	195
223	297
223	300
223	454
224	36
224	106
224	171
224	283
224	331
224	481
225	19
225	34
225	63
225	355
225	423
225	458
226	68
226	159
226	181
226	204
226	443
226	453
227	190
227	266
227	294
227	351
227	368
228	28
228	354
228	380
228	426
229	75
229	267
229	365
229	397
230	98
230	218
230	280
230	446
230	496
231	130
231	215
231	318
231	357
231	413
231	464
232	13
232	113
232	290
232	329
232	379
232	412
232	422
232	494
233	2
233	26
233	92
233	312
233	324
233	360
234	30
234	49
234	61
234	165
234	241
234	271
234	440
235	98
235	148
235	168
235	175
235	269
235	280
235	293
236	11
236	91
236	167
236	208
236	301
236	424
237	121
237	151
237	210
237	347
237	388
237	409
238	40
238	52
238	111
238	169
238	273
238	428
238	431
239	27
239	37
239	248
239	255
239	304
239	353
239	399
239	430
239	487
240	89
240	353
240	416
240	487
241	30
241	60
241	102
241	165
241	234
241	336
242	59
242	330
242	400
242	409
242	415
243	173
243	200
243	218
243	255
243	311
243	430
243	446
244	1
244	155
244	168
244	293
244	470
245	136
245	191
245	396
245	486
246	41
246	100
246	135
246	143
246	212
246	432
246	497
247	133
247	183
247	210
247	262
247	347
247	393
248	27
248	239
248	353
248	364
248	498
249	20
249	290
249	298
249	422
250	55
250	124
250	261
250	264
250	333
250	452
251	258
251	280
251	282
251	311
251	446
252	9
252	73
252	176
252	441
252	475
252	477
253	5
253	79
253	185
253	275
253	289
253	401
254	10
254	340
254	410
255	0
255	200
255	239
255	243
255	379
255	430
256	99
256	130
256	206
256	357
256	386
257	33
257	57
257	149
257	201
257	344
257	462
258	16
258	105
258	112
258	251
258	282
258	311
259	43
259	108
259	163
259	385
259	408
260	215
260	277
260	356
260	404
260	413
260	423
260	458
261	55
261	65
261	70
261	104
261	250
261	264
262	34
262	133
262	142
262	247
262	393
262	439
263	21
263	44
263	88
263	101
263	314
263	417
263	451
264	12
264	70
264	250
264	261
264	333
264	351
264	463
265	48
265	83
265	306
265	344
265	435
265	457
266	227
266	294
266	328
266	351
266	465
267	117
267	229
267	365
267	377
267	383
267	397
268	149
268	179
268	189
268	291
268	326
268	425
269	82
269	168
269	175
269	186
269	235
269	327
270	75
270	162
270	305
270	365
270	405
270	419
270	448
271	49
271	71
271	234
271	440
271	480
272	45
272	102
272	336
272	346
272	366
272	455
273	40
273	52
273	137
273	238
273	372
274	22
274	80
274	137
274	372
274	396
274	489
275	5
275	253
275	289
275	296
275	394
275	407
276	93
276	141
276	220
276	349
276	350
276	429
276	483
277	115
277	260
277	330
277	356
277	404
278	4
278	40
278	169
278	180
278	405
278	419
278	459
279	110
279	254
279	308
279	340
279	472
279	493
280	98
280	148
280	230
280	235
280	251
280	282
280	446
281	112
281	282
281	288
281	370
281	470
282	112
282	148
282	251
282	258
282	280
282	281
282	470
283	66
283	130
283	171
283	224
283	464
283	481
284	6
284	173
284	211
284	389
284	399
284	430
285	36
285	69
285	331
285	343
285	469
286	43
286	156
286	166
286	338
286	385
286	485
287	1
287	53
287	61
287	132
287	168
287	186
288	112
288	113
288	122
288	140
288	281
288	370
288	382
289	79
289	145
289	172
289	253
289	275
289	394
289	414
290	232
290	249
290	298
290	329
290	422
291	41
291	149
291	150
291	152
291	179
291	268
291	307
292	199
292	203
292	294
292	368
292	406
293	148
293	168
293	235
293	244
293	470
294	203
294	227
294	266
294	292
294	368
294	465
295	81
295	90
295	299
295	367
296	14
296	275
296	325
296	394
296	407
296	491
297	187
297	195
297	223
297	332
298	15
298	20
298	62
298	116
298	249
298	290
298	329
299	81
299	90
299	109
299	295
299	373
299	375
300	32
300	158
300	210
300	223
300	388
300	454
301	91
301	156
301	208
301	236
301	352
301	376
302	70
302	78
302	104
302	118
302	164
302	463
302	476
303	103
303	127
303	178
303	411
303	461
304	187
304	332
304	341
304	487
305	169
305	188
305	270
305	419
305	448
306	83
306	119
306	265
306	321
306	435
306	444
307	33
307	123
307	149
307	150
307	291
308	110
308	145
308	172
308	279
308	467
308	472
309	3
309	86
309	354
309	358
309	378
309	402
309	403
310	69
310	108
310	171
310	215
310	404
310	490
311	51
311	105
311	200
311	243
311	251
311	258
311	446
312	2
312	26
312	119
312	126
312	233
312	435
313	82
313	131
313	144
313	327
313	374
313	381
313	460
314	21
314	25
314	141
314	263
314	417
315	42
315	85
315	97
315	445
315	450
315	478
316	17
316	28
316	53
316	71
316	420
316	480
317	58
317	93
317	107
317	147
317	429
317	442
317	456
318	63
318	198
318	231
318	355
318	357
318	386
318	413
319	84
319	94
319	102
319	143
319	222
319	346
319	482
320	7
320	120
320	177
320	221
320	437
320	473
320	492
321	83
321	306
321	342
321	444
321	495
322	57
322	126
322	326
322	425
322	435
322	457
323	13
323	20
323	45
323	56
323	366
323	422
324	92
324	128
324	160
324	194
324	233
324	360
325	110
325	296
325	394
325	491
326	126
326	181
326	189
326	204
326	268
326	322
326	425
327	82
327	131
327	175
327	269
327	313
328	12
328	266
328	333
328	351
328	410
328	421
328	452
328	465
329	62
329	113
329	232
329	290
329	298
329	382
330	59
330	115
330	242
330	277
330	347
330	356
330	400
331	36
331	69
331	171
331	224
331	285
332	117
332	187
332	195
332	297
332	365
333	12
333	250
333	264
333	328
333	452
334	193
334	213
334	353
334	364
334	416
335	103
335	127
335	139
335	201
335	462
336	15
336	60
336	102
336	241
336	272
336	455
337	47
337	96
337	109
337	192
337	359
338	27
338	37
338	156
338	286
338	376
338	485
339	100
339	135
339	354
339	403
339	426
340	10
340	254
340	279
340	472
341	187
341	304
341	390
341	487
342	83
342	128
342	160
342	321
342	495
343	64
343	69
343	285
343	381
343	469
344	48
344	57
344	201
344	257
344	265
344	457
345	55
345	65
345	90
345	96
345	109
346	84
346	102
346	272
346	319
346	366
347	59
347	183
347	210
347	237
347	247
347	330
347	356
347	409
348	42
348	50
348	86
348	120
348	358
348	492
349	152
349	276
349	350
349	433
349	483
350	58
350	152
350	179
350	276
350	349
350	429
351	12
351	190
351	227
351	264
351	266
351	328
351	463
352	91
352	114
352	156
352	301
352	374
352	385
353	239
353	240
353	248
353	334
353	364
353	416
353	487
354	86
354	228
354	309
354	339
354	380
354	403
354	426
355	19
355	63
355	125
355	198
355	225
355	318
356	183
356	260
356	277
356	330
356	347
356	423
357	130
357	231
357	256
357	318
357	386
358	42
358	86
358	309
358	348
358	395
358	402
359	35
359	96
359	182
359	192
359	337
359	447
360	26
360	194
360	233
360	324
360	443
361	23
361	76
361	157
361	209
361	379
361	466
362	17
362	46
362	197
362	420
362	469
363	17
363	28
363	50
363	197
363	380
363	468
364	193
364	248
364	334
364	353
364	498
365	75
365	117
365	229
365	267
365	270
365	279
365	448
365	493
366	45
366	56
366	84
366	272
366	323
366	346
367	29
367	79
367	81
367	90
367	184
367	185
367	196
367	295
368	190
368	205
368	227
368	292
368	294
368	406
369	24
369	49
369	135
369	165
369	426
369	482
370	140
370	155
370	281
370	288
370	470
371	44
371	101
371	205
371	406
371	456
372	40
372	80
372	137
372	273
372	274
372	459
373	47
373	77
373	109
373	214
373	299
373	375
374	91
374	114
374	131
374	144
374	313
374	352
375	77
375	81
375	299
375	373
375	414
375	499
376	37
376	156
376	208
376	301
376	338
376	436
377	129
377	142
377	267
377	383
377	397
378	3
378	100
378	309
378	403
378	433
378	483
379	0
379	157
379	209
379	232
379	239
379	255
379	361
379	494
380	28
380	50
380	86
380	228
380	354
380	363
381	46
381	64
381	144
381	161
381	313
381	343
381	460
381	469
382	62
382	113
382	116
382	140
382	288
382	329
383	117
383	129
383	267
383	377
383	449
384	66
384	206
384	207
384	418
384	437
384	486
385	43
385	114
385	156
385	163
385	259
385	286
385	352
386	22
386	99
386	198
386	256
386	318
386	357
387	4
387	8
387	138
387	162
387	391
387	405
387	439
388	32
388	151
388	210
388	237
388	300
389	6
389	167
389	173
389	218
389	284
389	496
390	32
390	89
390	151
390	187
390	341
390	487
391	4
391	19
391	125
391	138
391	180
391	387
392	11
392	208
392	211
392	399
392	436
393	34
393	183
393	247
393	262
393	423
394	110
394	172
394	275
394	289
394	296
394	325
395	42
395	170
395	358
395	402
395	450
396	22
396	99
396	136
396	245
396	274
396	486
396	489
397	8
397	75
397	142
397	162
397	229
397	267
397	377
398	87
398	95
398	137
398	216
398	401
399	37
399	211
399	239
399	284
399	392
399	430
399	436
400	43
400	115
400	166
400	242
400	330
400	415
401	5
401	87
401	185
401	216
401	253
401	398
402	3
402	25
402	170
402	309
402	358
402	395
403	100
403	309
403	339
403	354
403	378
404	108
404	115
404	215
404	260
404	277
404	310
405	4
405	162
405	270
405	278
405	387
405	419
406	107
406	199
406	205
406	292
406	368
406	371
406	456
407	5
407	14
407	275
407	296
407	428
408	64
408	108
408	161
408	163
408	259
408	490
409	59
409	121
409	213
409	237
409	242
409	347
409	415
409	416
410	10
410	134
410	182
410	328
410	421
410	452
411	84
411	94
411	127
411	178
411	303
412	113
412	122
412	232
412	484
412	494
413	63
413	215
413	231
413	260
413	318
413	458
414	79
414	81
414	145
414	289
414	375
414	499
415	166
415	193
415	213
415	242
415	400
415	409
416	89
416	121
416	213
416	240
416	334
416	353
416	409
417	44
417	141
417	263
417	314
417	456
418	67
418	191
418	207
418	384
418	486
419	169
419	270
419	278
419	305
419	405
420	17
420	46
420	53
420	316
420	362
421	39
421	74
421	159
421	194
421	328
421	465
422	13
422	20
422	232
422	249
422	290
422	323
423	34
423	183
423	225
423	260
423	356
423	393
423	458
424	91
424	98
424	167
424	175
424	236
424	427
424	496
425	57
425	149
425	268
425	322
425	326
426	28
426	49
426	135
426	228
426	339
426	354
426	369
426	480
427	91
427	131
427	175
427	424
428	5
428	14
428	52
428	87
428	111
428	238
428	407
429	58
429	93
429	276
429	317
429	350
430	173
430	239
430	243
430	255
430	284
430	399
431	111
431	169
431	188
431	238
431	493
432	135
432	143
432	246
432	482
433	41
433	100
433	152
433	349
433	378
433	483
434	18
434	67
434	136
434	191
434	217
435	119
435	126
435	265
435	306
435	312
435	322
435	457
436	37
436	208
436	376
436	392
436	399
437	7
437	66
437	207
437	221
437	320
437	384
438	38
438	73
438	88
438	97
438	176
438	451
439	8
439	34
439	138
439	142
439	262
439	387
440	61
440	71
440	132
440	234
440	271
441	9
441	29
441	196
441	219
441	252
441	477
442	58
442	68
442	147
442	189
442	204
442	317
443	26
443	159
443	181
443	194
443	226
443	360
444	2
444	119
444	306
444	321
444	495
445	7
445	42
445	85
445	174
445	315
445	492
446	218
446	230
446	243
446	251
446	280
446	311
447	134
447	182
447	192
447	214
447	359
448	188
448	270
448	305
448	365
448	493
449	117
449	129
449	158
449	383
449	454
450	21
450	42
450	170
450	315
450	395
450	478
451	38
451	54
451	88
451	101
451	263
451	438
452	35
452	124
452	182
452	250
452	328
452	333
452	410
453	39
453	68
453	154
453	159
453	226
454	117
454	158
454	195
454	223
454	300
454	449
455	15
455	20
455	45
455	272
455	336
456	44
456	93
456	107
456	141
456	317
456	371
456	406
456	417
457	57
457	265
457	322
457	344
457	435
458	63
458	225
458	260
458	413
458	423
459	31
459	40
459	80
459	180
459	278
459	372
460	46
460	53
460	82
460	313
460	381
461	13
461	56
461	103
461	128
461	178
461	303
462	33
462	139
462	201
462	257
462	335
463	70
463	118
463	190
463	264
463	302
463	351
464	130
464	171
464	215
464	231
464	283
465	74
465	203
465	266
465	294
465	328
465	421
466	23
466	51
466	157
466	361
467	77
467	145
467	308
467	472
467	499
468	50
468	106
468	177
468	197
468	363
468	473
469	36
469	46
469	197
469	285
469	343
469	362
469	381
470	148
470	155
470	244
470	281
470	282
470	293
470	370
471	39
471	74
471	154
471	199
471	203
472	10
472	77
472	279
472	308
472	340
472	467
473	50
473	120
473	177
473	320
473	468
474	16
474	23
474	76
474	146
474	484
475	9
475	67
475	73
475	85
475	217
475	252
476	38
476	54
476	118
476	164
476	302
477	29
477	78
477	164
477	176
477	252
477	441
478	21
478	88
478	97
478	315
478	450
479	15
479	60
479	116
479	140
479	155
479	202
480	28
480	49
480	71
480	271
480	316
480	426
481	66
481	106
481	177
481	221
481	224
481	283
482	24
482	102
482	135
482	143
482	319
482	369
482	432
483	3
483	220
483	276
483	349
483	378
483	433
484	16
484	122
484	146
484	412
484	474
484	494
485	27
485	166
485	193
485	286
485	338
485	498
486	99
486	191
486	206
486	245
486	384
486	396
486	418
487	89
487	239
487	240
487	304
487	341
487	353
487	390
488	33
488	72
488	123
488	139
489	95
489	136
489	137
489	274
489	396
490	64
490	69
490	108
490	310
490	408
491	14
491	110
491	153
491	296
491	325
491	493
492	7
492	42
492	120
492	320
492	348
492	445
493	110
493	111
493	153
493	188
493	279
493	365
493	431
493	448
493	491
494	146
494	209
494	232
494	379
494	412
494	484
495	2
495	92
495	160
495	321
495	342
495	444
496	98
496	167
496	218
496	230
496	389
496	424
497	41
497	123
497	150
497	212
497	246
498	27
498	193
498	248
498	364
498	485
499	77
499	145
499	375
499	414
499	467
