0.282189 0.538661
0.361104 0.022074
0.582059 0.629913
0.673627 0.996118
0.337444 0.855125
0.514782 0.340328
0.382360 0.456665
0.814390 0.051759
0.566726 0.498075
0.168423 0.961414
0.912670 0.856808
0.202146 0.967134
0.448217 0.851185
0.037209 0.704710
0.966383 0.363938
0.732379 0.309192
0.533290 0.023572
0.025146 0.927012
0.947274 0.491310
0.081518 0.703607
0.163236 0.499357
0.418357 0.051193
0.793037 0.366227
0.581619 0.788817
0.698434 0.928689
0.756394 0.373658
0.758810 0.970210
0.142180 0.705307
0.375297 0.836608
0.781042 0.651283
0.530252 0.542231
0.642451 0.070168
0.197559 0.078135
0.420266 0.537328
0.300133 0.409472
0.629595 0.962194
0.186317 0.791583
0.309635 0.200939
0.808308 0.152861
0.933938 0.777437
0.748585 0.586315
0.917747 0.666388
0.859553 0.663479
0.628908 0.473329
0.143575 0.739729
0.526559 0.381460
0.428379 0.639609
0.241700 0.526782
0.463321 0.064527
0.716922 0.236720
0.427252 0.906065
0.405645 0.104336
0.357990 0.163922
0.599621 0.520286
0.040059 0.633780
0.333674 0.648572
0.718053 0.083541
0.133650 0.115965
0.818384 0.670639
0.482083 0.770365
0.906120 0.570064
0.063170 0.483178
0.155127 0.592356
0.255401 0.312286
0.776709 0.855688
0.263703 0.270510
0.220291 0.874974
0.566740 0.015436
0.561480 0.989469
0.585892 0.954920
0.117205 0.229284
0.930692 0.106430
0.254589 0.916085
0.155902 0.147117
0.693029 0.164830
0.030143 0.856176
0.976720 0.821851
0.109539 0.633106
0.279537 0.024926
0.679774 0.110708
0.008902 0.076626
0.465754 0.003581
0.201967 0.443493
0.576980 0.908907
0.118885 0.450714
0.551425 0.141281
0.544475 0.302858
0.007409 0.971596
0.651655 0.132689
0.739520 0.456188
0.433347 0.819819
0.751966 0.062195
0.118244 0.820618
0.280310 0.875273
0.557747 0.444985
0.068371 0.071326
0.664560 0.582310
0.885265 0.259801
0.289080 0.719304
0.078866 0.326856
0.341331 0.298685
0.050194 0.743294
0.770034 0.245916
0.375378 0.123591
0.463108 0.250866
0.049091 0.898670
0.487580 0.383220
0.674427 0.534995
0.428561 0.704483
0.129276 0.040141
0.971390 0.034207
0.701054 0.586734
0.957216 0.446226
0.292445 0.611989
0.003524 0.658546
0.302891 0.669743
0.591705 0.456877
0.238342 0.018661
0.315119 0.097233
0.978401 0.972467
0.265178 0.973200
0.320566 0.975780
0.216272 0.549848
0.951326 0.861445
0.209649 0.738235
0.686067 0.757300
0.755722 0.886252
0.830175 0.943641
0.515942 0.131416
0.299135 0.443581
0.056208 0.125047
0.026830 0.327114
0.577425 0.057228
0.702353 0.867937
0.781112 0.501820
0.964810 0.121787
0.406897 0.990212
0.362635 0.208017
0.886173 0.793683
0.943147 0.171589
0.603194 0.566972
0.921746 0.716826
0.190089 0.255145
0.707871 0.543734
0.198361 0.638482
0.144869 0.392996
0.155430 0.325201
0.649291 0.735191
0.570790 0.692404
0.431117 0.590701
0.526618 0.622127
0.117669 0.897965
0.024245 0.224161
0.085860 0.526302
0.264501 0.212712
0.886359 0.886856
0.390257 0.744454
0.702346 0.966125
0.570443 0.340369
0.020682 0.531811
0.656696 0.427102
0.743876 0.145735
0.037413 0.285145
0.764872 0.424948
0.794308 0.203138
0.034168 0.047504
0.520024 0.735221
0.881534 0.493557
0.623295 0.917838
0.510123 0.207836
0.790890 0.321558
0.620743 0.630068
0.413715 0.182547
0.697482 0.297028
0.072390 0.005411
0.872135 0.982669
0.890461 0.372737
0.996074 0.211557
0.830611 0.512266
0.715039 0.200130
0.719983 0.047856
0.810867 0.704500
0.113159 0.370290
0.460024 0.664791
0.055602 0.362953
0.859139 0.605832
0.448541 0.100051
0.367522 0.538059
0.311348 0.042663
0.829278 0.629992
0.774819 0.820598
0.765280 0.712402
0.609544 0.748514
0.583841 0.412428
0.975628 0.769020
0.720547 0.420853
0.703153 0.812513
0.577700 0.225661
0.837812 0.402553
0.894262 0.199761
0.916516 0.064663
0.469943 0.987240
0.425185 0.376059
0.488069 0.517911
0.400735 0.861372
0.065677 0.601212
0.682652 0.065146
0.997140 0.524228
0.082972 0.270795
0.364088 0.909398
0.664913 0.481986
0.059535 0.979928
0.826068 0.910182
0.905272 0.625655
0.490172 0.566909
0.355937 0.492720
0.934124 0.590470
0.269468 0.788354
0.523067 0.982618
0.256672 0.416023
0.282266 0.068661
0.304553 0.832174
0.782681 0.926599
0.518467 0.065419
0.628371 0.031573
0.545279 0.942570
0.569869 0.553303
0.867474 0.532909
0.863626 0.932990
0.020672 0.468259
0.421228 0.501385
0.805729 0.105992
0.257588 0.752969
0.693779 0.346625
0.926904 0.289510
0.569885 0.747445
0.418973 0.432536
0.406990 0.251223
0.826272 0.467391
0.167795 0.668856
0.881793 0.305017
0.428726 0.743777
0.312742 0.752957
0.082873 0.177307
0.478194 0.633087
0.168095 0.185210
0.227339 0.277859
0.200889 0.317512
0.369982 0.272271
0.490435 0.440950
0.643134 0.823343
0.232004 0.458869
0.873104 0.697712
0.296407 0.327528
0.761707 0.783711
0.454440 0.928012
0.883154 0.735834
0.220968 0.829646
0.384912 0.698669
0.791871 0.539088
0.495420 0.295101
0.075858 0.425782
0.759280 0.619709
0.819498 0.750273
0.965379 0.634841
0.360939 0.784657
0.055113 0.833012
0.124697 0.551250
0.475259 0.712796
0.870665 0.169970
0.904128 0.166264
0.152524 0.801564
0.834348 0.233706
0.203187 0.158140
0.061476 0.796914
0.614452 0.669007
0.304889 0.487633
0.567952 0.824651
0.979796 0.167250
0.333413 0.588592
0.148440 0.917995
0.611524 0.103157
0.137758 0.855154
0.875687 0.011422
0.923737 0.521882
0.342561 0.070472
0.605424 0.199095
0.174596 0.832998
0.942279 0.404299
0.448404 0.478092
0.110554 0.145827
0.035082 0.181176
0.525034 0.428115
0.498041 0.665487
0.185028 0.898789
0.014703 0.578693
0.928470 0.372102
0.129731 0.980190
0.516094 0.847117
0.095244 0.985620
0.794073 0.278368
0.120770 0.186090
0.545808 0.090973
0.669465 0.628335
0.416041 0.297852
0.747715 0.339595
0.004076 0.438774
0.918779 0.240882
0.688022 0.703450
0.243066 0.670905
0.151573 0.230595
0.707926 0.384165
0.530194 0.886415
0.016455 0.405212
0.610715 0.281745
0.199612 0.371184
0.823991 0.853489
0.307885 0.004701
0.575931 0.594179
0.850450 0.076298
0.584965 0.136080
0.976937 0.258070
0.743177 0.681466
0.325241 0.900622
0.411369 0.791158
0.865091 0.120395
0.392402 0.612072
0.003124 0.169207
0.886362 0.437968
0.786827 0.581859
0.927668 0.822084
0.373514 0.384896
0.862997 0.845160
0.818143 0.565038
0.179796 0.711706
0.326905 0.263592
0.608587 0.866699
0.723358 0.490814
0.038511 0.000958
0.245424 0.068431
0.108490 0.495896
0.105641 0.596698
0.375816 0.967754
0.753026 0.281171
0.605617 0.315121
0.126527 0.074876
0.994060 0.598950
0.979207 0.721255
0.585329 0.172208
0.736063 0.858253
0.938168 0.932801
0.090637 0.752091
0.650803 0.305799
0.225317 0.223051
0.540806 0.775357
0.648432 0.263472
0.010674 0.746929
0.447720 0.332325
0.161550 0.549537
0.921640 0.432516
0.767050 0.119159
0.758789 0.190321
0.446789 0.142380
0.493507 0.961307
0.628438 0.594408
0.083561 0.874206
0.826531 0.347026
0.957975 0.205897
0.226504 0.102723
0.337444 0.686270
0.800846 0.798237
0.209875 0.693710
0.718337 0.899474
0.979702 0.313131
0.164847 0.434542
0.069448 0.668130
0.924670 0.008517
0.318682 0.934558
0.346930 0.449015
0.989374 0.923135
0.749008 0.008424
0.526256 0.237902
0.075145 0.564759
0.488756 0.805704
0.278195 0.108414
0.298202 0.146717
0.973762 0.089248
0.332923 0.373150
0.651491 0.170993
0.367748 0.636637
0.618517 0.241986
0.110133 0.722907
0.658815 0.864911
0.163392 0.630981
0.058609 0.939690
0.477144 0.184845
0.839754 0.190735
0.532452 0.655556
0.231234 0.357560
0.231947 0.624674
0.162543 0.078186
0.507549 0.478881
0.325911 0.530710
0.928356 0.994414
0.420768 0.946682
0.998965 0.634559
0.866483 0.044039
0.725168 0.717407
0.234267 0.951229
0.023594 0.796845
0.633534 0.393768
0.843394 0.778511
0.986233 0.669289
0.570657 0.275423
0.634615 0.340256
0.658676 0.912468
0.714294 0.778614
0.764688 0.746080
0.812952 0.973280
0.458278 0.545500
0.299383 0.576310
0.130098 0.293671
0.089578 0.104846
0.440858 0.215342
0.449412 0.288967
0.789200 0.029498
0.495316 0.602545
0.182665 0.004858
0.082946 0.223434
0.196394 0.036150
0.117620 0.324946
0.387733 0.353295
0.896495 0.940924
0.862755 0.462601
0.631950 0.540713
0.653686 0.680355
0.218504 0.913099
0.705104 0.624942
0.271020 0.639851
0.988782 0.880321
0.663216 0.788030
0.452652 0.437525
0.565721 0.861368
0.020392 0.360873
0.477186 0.897684
0.176414 0.289539
0.669799 0.235609
0.700400 0.455481
0.290463 0.361657
0.214204 0.584951
0.400850 0.574310
0.862610 0.566298
0.190250 0.126206
0.103775 0.670033
0.667548 0.374973
0.235195 0.141780
0.264880 0.177490
0.682874 0.025875
0.385141 0.419248
0.379022 0.080379
0.835381 0.006695
0.909281 0.333006
0.928091 0.892993
0.714517 0.003775
0.262709 0.497806
0.352356 0.337286
0.226036 0.795854
0.828541 0.307545
0.010416 0.135375
0.265331 0.568430
0.938529 0.553830
0.607260 0.830346
0.856400 0.363579
0.627365 0.995894
0.619661 0.157604
0.611770 0.705668
0.507481 0.918374
0.906534 0.130662
0.104444 0.939608
0.947746 0.325012
0.946707 0.687703
0.997478 0.381237
0.201200 0.510530
0.008619 0.620399
0.980463 0.420259
0.428610 0.016275
0.548830 0.200705
0.497282 0.259806
0.146533 0.009973
0.003080 0.289644
0.350068 0.724706
0.745933 0.920566
0.114688 0.408140
0.724184 0.992032
0.000837 0.002106
0.497867 0.023094
0.193621 0.405096
0.003914 0.252728
0.227163 0.393048
0.759119 0.553103
