0.974143 0.785465
0.290162 0.447173
0.290904 0.384693
0.899142 0.657968
0.110364 0.215375
0.726051 0.738990
0.412058 0.815469
0.209536 0.193228
0.939264 0.079719
0.233133 0.085193
0.234372 0.548363
0.656729 0.437574
0.321455 0.716033
0.750121 0.790899
0.065748 0.375975
0.612055 0.043249
0.940385 0.767689
0.858782 0.512609
0.385353 0.096873
0.851298 0.931015
0.662230 0.492682
0.036190 0.804619
0.195702 0.132094
0.539007 0.006167
0.566800 0.735446
0.630069 0.123860
0.870934 0.353043
0.554959 0.093896
0.794801 0.503053
0.043249 0.739478
0.639398 0.998403
0.966873 0.000645
0.802638 0.633107
0.267560 0.231413
0.442849 0.627296
0.505852 0.615021
0.081182 0.238105
0.903778 0.981855
0.103142 0.987794
0.598889 0.416864
0.947215 0.827708
0.581749 0.240225
0.323479 0.181559
0.152641 0.336559
0.889930 0.758942
0.806744 0.735106
0.750451 0.076447
0.471549 0.053423
0.026558 0.701416
0.940111 0.239529
0.708074 0.937728
0.214093 0.627840
0.630724 0.900143
0.706809 0.849279
0.150040 0.056851
0.960783 0.728575
0.590479 0.476157
0.874297 0.464506
0.451163 0.299771
0.333181 0.852958
0.996903 0.548196
0.763803 0.434173
0.219521 0.702060
0.188181 0.494600
0.135725 0.433692
0.449796 0.414202
0.252250 0.137370
0.719575 0.620291
0.993048 0.447061
0.554254 0.319194
0.519007 0.462970
0.457347 0.528663
0.701596 0.055570
0.426545 0.482650
0.113583 0.519386
0.896066 0.148576
0.409966 0.401347
0.601869 0.869924
0.857751 0.704237
0.541558 0.863755
0.607486 0.654932
0.879494 0.819834
0.945216 0.612581
0.532884 0.668713
0.281750 0.749361
0.163246 0.276713
0.433008 0.701797
0.835088 0.063489
0.414236 0.966370
0.123860 0.679016
0.007147 0.828269
0.888560 0.092671
0.609593 0.004790
0.479857 0.583299
0.996678 0.656533
0.685760 0.773973
0.249706 0.579304
0.757413 0.605342
0.765406 0.945505
0.339526 0.306179
0.467060 0.159576
0.628674 0.575931
0.364885 0.918649
0.012139 0.610590
0.084291 0.760937
0.853594 0.213101
0.820977 0.460946
0.550289 0.915461
0.009487 0.067053
0.789573 0.005367
0.521533 0.273220
0.108565 0.563782
0.197835 0.793769
0.481570 0.109825
0.037493 0.281335
0.503493 0.228359
0.002078 0.763631
0.736526 0.122665
0.285046 0.869295
0.320502 0.234623
0.359267 0.376121
0.400611 0.050806
0.949947 0.037773
0.216185 0.953049
0.514061 0.318266
0.603649 0.302765
0.377599 0.207324
0.369644 0.344003
0.200118 0.054359
0.794880 0.581975
0.631700 0.407031
0.044821 0.039265
0.978185 0.285033
0.789366 0.144056
0.578653 0.373946
0.972593 0.861861
0.334080 0.656714
0.432508 0.862340
0.927023 0.353832
0.191771 0.363818
0.609217 0.543151
0.123877 0.736645
0.489714 0.365539
0.052806 0.502915
0.894802 0.059279
0.569805 0.882277
0.676711 0.695542
0.677207 0.578771
0.046380 0.223644
0.290174 0.649665
0.898817 0.316659
0.444108 0.945352
0.251151 0.798511
0.281302 0.951380
0.514517 0.771322
0.234690 0.334663
0.183711 0.680420
0.035458 0.115044
0.548264 0.811738
0.766180 0.363694
0.344554 0.138380
0.905504 0.875583
0.872602 0.019938
0.124370 0.292198
0.327696 0.582252
0.768102 0.470593
0.710454 0.459923
0.043523 0.892919
0.290272 0.289254
0.209393 0.594503
0.683837 0.283017
0.337409 0.096930
0.171943 0.823674
0.364098 0.455826
0.576469 0.274935
0.316970 0.909544
0.518238 0.060381
0.438309 0.133496
0.667114 0.186477
0.431990 0.364400
0.989545 0.185285
0.001268 0.471739
0.809420 0.318351
0.779269 0.040442
0.360264 0.988637
0.334015 0.527495
0.882979 0.236764
0.592502 0.952274
0.666262 0.622231
0.146337 0.375273
0.816572 0.979453
0.825631 0.364589
0.855045 0.876719
0.111641 0.163135
0.684481 0.973625
0.260178 0.526370
0.370347 0.271339
0.214771 0.909677
0.382319 0.790424
0.655495 0.826814
0.187681 0.992778
0.153559 0.181347
0.254567 0.929198
0.651084 0.738810
0.215114 0.001795
0.554344 0.197038
0.125699 0.771547
0.071036 0.851566
0.025515 0.383646
0.783385 0.395813
0.491505 0.858189
0.888610 0.932455
0.411163 0.613733
0.001512 0.165013
0.548533 0.494662
0.362060 0.009261
0.173964 0.084465
0.496936 0.662982
0.472137 0.988904
0.549072 0.562909
0.502395 0.921897
0.802017 0.683297
0.234814 0.755568
0.576125 0.622143
0.734593 0.868807
0.613769 0.712173
0.466873 0.699660
0.458445 0.011892
0.057601 0.610256
0.709073 0.101101
0.139894 0.136671
0.413360 0.435058
0.112494 0.811778
0.551674 0.409827
0.182926 0.563019
0.452561 0.219201
0.931973 0.948166
0.585023 0.585482
0.773274 0.730433
0.502689 0.812956
0.886313 0.608464
0.265500 0.043306
0.599787 0.805990
0.077592 0.284831
0.757279 0.277693
0.154103 0.942850
0.720502 0.904247
0.075929 0.061535
0.121928 0.627615
0.073006 0.709772
0.671980 0.934478
0.825508 0.018793
0.977069 0.122360
0.414478 0.300728
0.787703 0.826900
0.206901 0.406606
0.960712 0.671611
0.422475 0.573215
0.954314 0.330323
0.073078 0.909348
0.600402 0.086980
0.670456 0.384750
0.360792 0.821440
0.142615 0.856758
0.513870 0.992810
0.159531 0.902833
0.405222 0.728775
0.693645 0.227204
0.528941 0.351939
0.733654 0.307059
0.312398 0.774764
0.690645 0.330994
0.902915 0.533888
0.424412 0.910221
0.748074 0.826949
0.553837 0.055088
0.434852 0.778945
0.729976 0.176456
0.054586 0.157348
0.004884 0.556841
0.200768 0.860532
0.299993 0.989154
0.171585 0.413556
0.827327 0.244232
0.220919 0.821684
0.867272 0.977803
0.855026 0.387191
0.365545 0.174008
0.474458 0.273967
0.359170 0.752331
0.290539 0.595755
0.324221 0.468149
0.261772 0.678536
0.379603 0.628040
0.400460 0.246496
0.773249 0.324220
0.717515 0.697327
0.019549 0.923918
0.360984 0.497025
0.938689 0.429784
0.971469 0.902177
0.941385 0.395407
0.264496 0.412877
0.926168 0.163659
0.750662 0.994647
0.586333 0.182199
0.591784 0.912994
0.756546 0.657683
0.102934 0.445609
0.846431 0.766759
0.908275 0.443974
0.695971 0.651449
0.977426 0.936942
0.630398 0.944947
0.944833 0.527059
0.996165 0.513255
0.804745 0.545744
0.770087 0.539425
0.199337 0.447478
0.293892 0.114724
0.148940 0.535224
0.170616 0.735944
0.098542 0.349728
0.169242 0.608744
0.176260 0.023018
0.641388 0.656722
0.418754 0.668178
0.403041 0.001633
0.618574 0.243799
0.493116 0.010219
0.193932 0.304247
0.309930 0.148641
0.282689 0.006626
0.970654 0.589961
0.074084 0.668689
0.836388 0.277785
0.949116 0.195815
0.802806 0.872549
0.309794 0.503879
0.835462 0.416993
0.770129 0.195863
0.493706 0.959343
0.011219 0.965276
0.809235 0.907893
0.990270 0.347432
0.517041 0.409148
0.737980 0.410821
0.862135 0.659328
0.913026 0.721543
0.664817 0.863765
0.496131 0.549749
0.373194 0.708765
0.856219 0.581692
0.704775 0.150325
0.383233 0.591411
0.454340 0.088651
0.619846 0.777267
0.855551 0.108855
0.062015 0.419470
0.841581 0.178256
0.370032 0.535703
0.467819 0.754758
0.383516 0.857683
0.827769 0.656433
0.788948 0.087775
0.261665 0.355441
0.416981 0.182186
0.905991 0.581168
0.098160 0.001735
0.035087 0.994653
0.163578 0.784122
0.720700 0.978147
0.908051 0.388037
0.746479 0.006540
0.949908 0.987747
0.321233 0.615726
0.634823 0.519506
0.649625 0.031913
0.465347 0.826498
0.878514 0.285058
0.047973 0.564512
0.726399 0.489492
0.287990 0.812768
0.024749 0.656616
0.151615 0.649669
0.263018 0.473773
0.324174 0.418735
0.104149 0.483928
0.950850 0.560938
0.483970 0.422961
0.433879 0.260520
0.031341 0.436690
0.755207 0.226931
0.912407 0.794626
0.981481 0.231396
0.099010 0.601415
0.042741 0.080665
0.938394 0.129977
0.140599 0.234910
0.831205 0.836446
0.703454 0.370678
0.070821 0.474233
0.962160 0.488769
0.509989 0.715715
0.292282 0.064560
0.438104 0.057628
0.811555 0.779249
0.937528 0.908296
0.561567 0.993337
0.563391 0.448340
0.009368 0.240815
0.317714 0.957491
0.059210 0.941157
0.549571 0.776445
0.013003 0.023794
0.773250 0.901186
0.600733 0.348029
0.974808 0.629199
0.994216 0.056391
0.015623 0.864948
0.473642 0.458944
0.049098 0.004035
0.923921 0.001788
0.523233 0.130880
0.004502 0.352518
0.257039 0.892005
0.112866 0.073500
0.861111 0.146515
0.642516 0.310090
0.906599 0.482126
0.689992 0.524593
0.133184 0.002421
0.121805 0.914426
0.227005 0.498602
0.019230 0.312216
0.999194 0.696930
0.545886 0.159225
0.120055 0.108910
0.258185 0.723148
0.304342 0.685336
0.198768 0.252716
0.549819 0.703345
0.139235 0.984080
0.884839 0.192997
0.048254 0.334242
0.297185 0.537729
0.478270 0.193832
0.082671 0.319674
0.912607 0.837913
0.247198 0.442262
0.626105 0.196393
0.713599 0.554825
0.662008 0.142938
0.306869 0.342399
0.906484 0.262112
0.658406 0.095024
0.245921 0.986304
0.637095 0.351353
0.628576 0.483639
0.022520 0.196696
0.583087 0.689111
0.134161 0.592751
0.143198 0.473241
0.084178 0.103581
0.800118 0.216255
0.846404 0.802511
0.221116 0.155151
0.347243 0.884801
0.569103 0.534356
0.232741 0.294561
0.974062 0.412894
0.922917 0.687095
0.256826 0.839093
0.694214 0.422675
0.506628 0.512702
0.555885 0.958961
0.605323 0.994265
0.110999 0.405678
0.980870 0.826948
0.602955 0.150023
0.258001 0.618205
0.877589 0.425983
0.653114 0.548666
0.620077 0.450699
0.626929 0.846779
0.940127 0.283385
0.288892 0.175993
0.103181 0.867550
0.694584 0.724859
0.461196 0.345149
0.534165 0.596649
0.322601 0.016168
0.685958 0.890072
0.369617 0.411704
0.453821 0.667588
0.402081 0.513384
0.686568 0.014747
0.378593 0.664993
0.738105 0.341959
0.571507 0.841267
