0.016476 0.688857
0.872507 0.053553
0.768199 0.572792
0.871254 0.709143
0.740294 0.454504
0.103289 0.499069
0.647128 0.055021
0.527496 0.973481
0.978342 0.560353
0.487927 0.063032
0.511518 0.405989
0.939056 0.027119
0.232426 0.288086
0.074153 0.240598
0.407870 0.997258
0.745781 0.150009
0.113392 0.739038
0.241655 0.121908
0.813096 0.549782
0.575141 0.987508
0.432182 0.643222
0.828598 0.116947
0.335078 0.484997
0.835345 0.454834
0.919473 0.452720
0.250769 0.551202
0.199059 0.839423
0.815469 0.392093
0.574717 0.591023
0.140971 0.218269
0.289804 0.758846
0.383598 0.665357
0.275724 0.175778
0.570087 0.293097
0.594098 0.199728
0.209072 0.886305
0.754469 0.421037
0.716386 0.730430
0.380840 0.448867
0.086746 0.129268
0.783753 0.340463
0.152204 0.355132
0.372116 0.793558
0.329987 0.010867
0.706475 0.617903
0.685615 0.982824
0.308718 0.237096
0.524567 0.745590
0.867114 0.977819
0.140076 0.312266
0.271860 0.841278
0.622996 0.488722
0.872004 0.489421
0.612718 0.788352
0.377070 0.631080
0.202554 0.163955
0.398586 0.202304
0.891523 0.022026
0.654081 0.659712
0.492279 0.318791
0.488046 0.594740
0.663163 0.127793
0.363719 0.188819
0.633060 0.209774
0.354748 0.099899
0.460583 0.835531
0.983776 0.808317
0.723818 0.225701
0.642182 0.266422
0.498028 0.880570
0.469461 0.203838
0.358887 0.920350
0.040421 0.054922
0.457685 0.712747
0.859573 0.188344
0.796791 0.518341
0.983282 0.041376
0.523350 0.477269
0.132309 0.570609
0.824029 0.309459
0.799995 0.994577
0.176383 0.538179
0.377515 0.233096
0.241790 0.360289
0.016754 0.999963
0.590085 0.722310
0.291904 0.598197
0.456830 0.320077
0.987011 0.388521
0.235640 0.865339
0.782896 0.647339
0.345499 0.675666
0.797611 0.134931
0.404018 0.402501
0.009177 0.275737
0.726937 0.032463
0.208757 0.987702
0.153448 0.996521
0.829681 0.795808
0.664036 0.495054
0.769425 0.708304
0.216588 0.024968
0.031007 0.787741
0.060161 0.402939
0.257110 0.048584
0.547454 0.416319
0.351143 0.423504
0.870130 0.857915
0.344487 0.243584
0.654350 0.696215
0.429260 0.353620
0.851630 0.672432
0.057448 0.019570
0.298057 0.334963
0.153460 0.762981
0.855748 0.523007
0.232075 0.224904
0.434965 0.011131
0.351511 0.965712
0.523554 0.265763
0.141458 0.068598
0.929723 0.859879
0.863740 0.628341
0.576923 0.396181
0.643168 0.308619
0.864083 0.918437
0.433731 0.455423
0.315589 0.375578
0.335581 0.882416
0.314151 0.450820
0.909573 0.822181
0.796245 0.422297
0.188673 0.268393
0.294689 0.911184
0.133140 0.964940
0.052983 0.491113
0.791465 0.481081
0.497559 0.227093
0.843363 0.257296
0.590290 0.163364
0.529688 0.215825
0.325557 0.572859
0.163615 0.142143
0.973711 0.936052
0.206029 0.654166
0.478721 0.979405
0.863689 0.391683
0.408418 0.043886
0.973664 0.241173
0.237171 0.407376
0.657422 0.620545
0.473848 0.551549
0.988740 0.077451
0.227784 0.502984
0.530866 0.844629
0.810681 0.849634
0.093159 0.078012
0.596268 0.550278
0.888926 0.344870
0.068597 0.650873
0.550359 0.355643
0.683290 0.765458
0.592167 0.948362
0.070920 0.528838
0.119831 0.634915
0.212943 0.082780
0.439061 0.941070
0.530380 0.903441
0.088420 0.289902
0.266715 0.314746
0.486973 0.467277
0.735532 0.686286
0.336044 0.286112
0.907509 0.265519
0.386232 0.134006
0.786007 0.747034
0.170906 0.705494
0.095574 0.587977
0.713379 0.261261
0.395431 0.507431
0.095685 0.325670
0.639397 0.809541
0.708948 0.077917
0.574822 0.115140
0.616215 0.881819
0.137507 0.005496
0.248232 0.995454
0.171386 0.489581
0.046781 0.586110
0.826037 0.500193
0.448804 0.269170
0.263231 0.950129
0.121722 0.864161
0.691879 0.946392
0.218027 0.438120
0.900165 0.612653
0.239579 0.662894
0.251919 0.586453
0.431214 0.163748
0.074166 0.453862
0.085817 0.887563
0.427655 0.906597
0.472086 0.501544
0.572824 0.079372
0.588677 0.442824
0.769082 0.837706
0.790895 0.795877
0.382857 0.322589
0.205845 0.951728
0.722479 0.886332
0.496529 0.807338
0.762593 0.065481
0.646953 0.420044
0.059674 0.758125
0.897686 0.107946
0.559311 0.005941
0.676108 0.880488
0.638341 0.981532
0.701532 0.198239
0.539991 0.664874
0.958688 0.634274
0.136858 0.101962
0.982116 0.128982
0.060905 0.358885
0.275390 0.110859
0.936640 0.905410
0.045538 0.859401
0.120397 0.366293
0.494874 0.635948
0.583296 0.825166
0.932663 0.969540
0.222108 0.766850
0.405460 0.079440
0.639197 0.912570
0.010311 0.240761
0.369690 0.022937
0.119752 0.142219
0.790654 0.305892
0.091301 0.795526
0.735357 0.956902
0.117645 0.423394
0.537264 0.181380
0.894903 0.141795
0.157200 0.820635
0.183112 0.034568
0.648442 0.565885
0.993915 0.181419
0.340799 0.618392
0.964414 0.208333
0.818603 0.939063
0.417726 0.755215
0.142140 0.393881
0.620339 0.093049
0.007161 0.908954
0.258726 0.709194
0.840161 0.037333
0.349957 0.529354
0.093418 0.187317
0.858942 0.822493
0.823548 0.189089
0.900526 0.938107
0.599164 0.647449
0.869284 0.758142
0.098477 0.036058
0.589923 0.338171
0.921045 0.720833
0.205819 0.598527
0.057080 0.916755
0.435744 0.869481
0.682879 0.047047
0.450101 0.781223
0.620699 0.842169
0.207869 0.118850
0.286073 0.677043
0.009398 0.324886
0.209630 0.691438
0.708409 0.547244
0.284048 0.519736
0.932888 0.364698
0.410473 0.558420
0.487432 0.111633
0.746726 0.364193
0.197382 0.231228
0.282563 0.805351
0.170858 0.590620
0.472020 0.143793
0.390204 0.933983
0.301225 0.285702
0.898799 0.216226
0.417826 0.318568
0.584281 0.259784
0.758212 0.989498
0.193407 0.302087
0.167571 0.918095
0.759903 0.905966
0.759313 0.114752
0.933025 0.070230
0.990592 0.997713
0.407264 0.809011
0.717840 0.411725
0.106764 0.259363
0.083615 0.852188
0.812778 0.060096
0.891752 0.571279
0.989071 0.315554
0.963295 0.437687
0.564386 0.484331
0.025511 0.007466
0.218541 0.807835
0.489507 0.009225
0.365351 0.564610
0.440073 0.059449
0.931238 0.144102
0.666958 0.085703
0.732724 0.593653
0.640497 0.019721
0.761006 0.015023
0.571029 0.900752
0.522595 0.137708
0.262738 0.454544
0.862888 0.106183
0.020280 0.208183
0.821189 0.886528
0.210492 0.380969
0.893804 0.535900
0.030682 0.730613
0.337746 0.140088
0.704194 0.316448
0.363786 0.358142
0.378920 0.268123
0.770519 0.218357
0.633196 0.729295
0.334243 0.069076
0.876436 0.298718
0.276918 0.018762
0.038131 0.460273
0.542193 0.609944
0.001257 0.607424
0.612494 0.607680
0.749767 0.278572
0.528280 0.570253
0.483148 0.927645
0.677070 0.167546
0.635166 0.379913
0.912122 0.490220
0.944637 0.568085
0.513864 0.344867
0.845946 0.599113
0.980718 0.726019
0.786304 0.873796
0.983056 0.880345
0.012309 0.482529
0.301382 0.140909
0.755009 0.501543
0.353935 0.762578
0.690607 0.445473
0.828033 0.730201
0.721493 0.802552
0.677203 0.346833
0.936589 0.767143
0.170855 0.194504
0.064395 0.998465
0.366519 0.702190
0.174781 0.416128
0.403234 0.602201
0.417268 0.698461
0.039318 0.104178
0.299382 0.637428
0.016668 0.950106
0.105073 0.540605
0.040823 0.262420
0.055463 0.297300
0.503343 0.529707
0.067828 0.705657
0.277329 0.371835
0.691962 0.386288
0.993987 0.637222
0.968734 0.527383
0.453017 0.411326
0.952288 0.336278
0.365766 0.863170
0.711856 0.494344
0.378321 0.059727
0.607385 0.131516
0.527983 0.092416
0.383253 0.742218
0.563783 0.756943
0.283534 0.414849
0.733653 0.646608
0.712979 0.121454
0.069649 0.953133
0.253822 0.630456
0.893901 0.673698
0.811118 0.000104
0.687580 0.589517
0.156249 0.668900
0.993160 0.672332
0.821028 0.223249
0.008901 0.646609
0.974420 0.477697
0.799168 0.592655
0.444099 0.228519
0.018896 0.172667
0.055318 0.180643
0.459883 0.673069
0.892778 0.181539
0.299530 0.057068
0.291111 0.563999
0.858731 0.560201
0.958019 0.098656
0.329824 0.808628
0.683411 0.713400
0.226882 0.723797
0.666990 0.533942
0.744357 0.775874
0.715795 0.165699
0.315657 0.195973
0.318570 0.991443
0.559610 0.549193
0.217539 0.567052
0.942071 0.666791
0.861143 0.428280
0.539987 0.049941
0.609034 0.753109
0.996376 0.279984
0.964444 0.600009
0.272515 0.256252
0.432727 0.508650
0.548694 0.946066
0.947571 0.290581
0.622267 0.523328
0.810141 0.697016
0.258881 0.773028
0.579811 0.686096
0.170716 0.959308
0.678032 0.798950
0.640916 0.155472
0.061093 0.821680
0.153665 0.273411
0.630759 0.345710
0.697688 0.848342
0.106250 0.698454
0.433894 0.123449
0.848288 0.155801
0.004056 0.126513
0.607479 0.038583
0.321471 0.942330
0.783409 0.380814
0.614197 0.286051
0.497829 0.185100
0.003740 0.825703
0.776584 0.175487
0.188450 0.784935
0.940013 0.237701
0.915748 0.318274
0.033323 0.524091
0.567380 0.226584
0.507608 0.678312
0.483260 0.431293
0.031047 0.374520
0.913963 0.403751
0.746395 0.192024
0.743392 0.330047
0.528261 0.304114
0.895887 0.782162
0.794435 0.252648
0.320484 0.844463
0.821741 0.343363
0.140996 0.533240
0.471683 0.363793
0.005054 0.041842
0.108075 0.824762
0.936840 0.186948
0.822851 0.646909
0.128739 0.458853
0.484093 0.743407
0.279421 0.214656
0.972500 0.005663
0.169767 0.882520
0.365104 0.997508
0.691543 0.000826
0.289072 0.873879
0.218871 0.325456
0.977500 0.842590
0.003933 0.759831
0.203479 0.470023
0.893498 0.900506
0.795526 0.093050
0.760424 0.621885
0.721194 0.994015
0.304817 0.092071
0.413262 0.270263
0.769976 0.938588
0.623209 0.454648
0.000539 0.391290
0.302517 0.713507
0.705150 0.665898
0.555809 0.717111
0.341849 0.730211
0.349802 0.389313
