0.553397 0.804101
0.362485 0.609685
0.975741 0.785798
0.621234 0.725690
0.895261 0.098888
0.189083 0.693818
0.168939 0.534212
0.979581 0.631861
0.247785 0.294637
0.023354 0.722613
0.466099 0.991646
0.337445 0.834218
0.759912 0.299060
0.153013 0.137304
0.197802 0.863834
0.098318 0.890130
0.966723 0.107993
0.016373 0.288885
0.632955 0.957129
0.022155 0.118607
0.764701 0.027439
0.453979 0.006999
0.152366 0.037202
0.068363 0.633390
0.056470 0.400087
0.621112 0.339362
0.409448 0.184115
0.833660 0.272785
0.767257 0.735498
0.528219 0.060724
0.251323 0.588805
0.333506 0.173845
0.885811 0.226149
0.882530 0.792139
0.045291 0.842973
0.562927 0.741161
0.930511 0.496717
0.239197 0.678824
0.900638 0.901947
0.115411 0.400325
0.410739 0.020217
0.554403 0.178337
0.642060 0.633859
0.477614 0.342047
0.812573 0.002441
0.795131 0.954738
0.642293 0.220895
0.025440 0.074260
0.136550 0.283935
0.090589 0.375561
0.683105 0.513794
0.091966 0.796839
0.496144 0.633008
0.726286 0.279350
0.991314 0.584884
0.246594 0.171739
0.921847 0.794909
0.636154 0.473757
0.937256 0.547532
0.760442 0.238824
0.280041 0.125532
0.706043 0.911111
0.840649 0.215936
0.725077 0.366642
0.628186 0.580010
0.591387 0.047478
0.424535 0.426815
0.721273 0.324134
0.487350 0.846200
0.684488 0.442594
0.485973 0.687797
0.745539 0.546317
0.218318 0.236818
0.347200 0.488955
0.731794 0.418927
0.344409 0.131603
0.348953 0.998383
0.869045 0.558312
0.705242 0.191616
0.777906 0.799484
0.498719 0.297210
0.927152 0.018823
0.352246 0.313627
0.555751 0.493059
0.664277 0.786055
0.965814 0.410644
0.889955 0.524709
0.169846 0.924984
0.927556 0.061543
0.387821 0.072460
0.362092 0.366363
0.357477 0.764041
0.857915 0.384549
0.040256 0.680036
0.205820 0.998007
0.171090 0.825984
0.137040 0.750078
0.458087 0.467061
0.682460 0.381806
0.986767 0.893289
0.476367 0.397246
0.018919 0.537635
0.605181 0.113335
0.269035 0.332516
0.321695 0.057220
0.253204 0.440338
0.190837 0.642213
0.240291 0.394102
0.951206 0.880734
0.331974 0.525689
0.325670 0.656298
0.910957 0.427877
0.802008 0.607647
0.527483 0.726776
0.153895 0.371240
0.556850 0.248660
0.258595 0.761850
0.741151 0.466199
0.315562 0.441887
0.225220 0.490869
0.989656 0.755054
0.562192 0.676283
0.285947 0.641230
0.038680 0.239015
0.433594 0.345263
0.150477 0.321659
0.064996 0.180675
0.018719 0.404537
0.019367 0.184222
0.362388 0.726724
0.967227 0.313172
0.059939 0.441389
0.239674 0.069747
0.106909 0.324802
0.610418 0.297780
0.417520 0.810848
0.434437 0.732246
0.514143 0.002129
0.890543 0.943502
0.305901 0.779788
0.419622 0.634718
0.488595 0.929753
0.937259 0.940572
0.111715 0.510641
0.276954 0.860437
0.588550 0.217165
0.321699 0.399582
0.033506 0.977940
0.202297 0.128671
0.203199 0.547241
0.211422 0.913987
0.130551 0.179068
0.380996 0.525932
0.113393 0.637560
0.880287 0.278993
0.858547 0.746042
0.449207 0.922961
0.430757 0.121296
0.297515 0.523714
0.579770 0.636496
0.924470 0.152470
0.919171 0.292067
0.003571 0.021427
0.832375 0.724801
0.955650 0.818897
0.313858 0.937395
0.874350 0.012934
0.511188 0.591152
0.771516 0.693620
0.697891 0.079855
0.891073 0.182844
0.843503 0.957931
0.507120 0.204721
0.816937 0.450660
0.685945 0.314158
0.857786 0.157066
0.472302 0.064368
0.516065 0.511125
0.212521 0.170550
0.773870 0.403770
0.790141 0.262741
0.514025 0.161994
0.990150 0.003965
0.940406 0.654241
0.749181 0.763922
0.713653 0.639872
0.726853 0.946350
0.702748 0.828636
0.124570 0.466804
0.004562 0.787202
0.870877 0.657122
0.680345 0.701379
0.388574 0.475519
0.768273 0.871379
0.200874 0.426984
0.443948 0.252196
0.388394 0.913787
0.194074 0.776415
0.080184 0.985495
0.799940 0.831593
0.214295 0.033435
0.256206 0.208585
0.123841 0.814627
0.368096 0.651307
0.600014 0.916882
0.733511 0.006043
0.266416 0.254144
0.501319 0.886093
0.719383 0.981264
0.725375 0.793322
0.314499 0.272275
0.455636 0.524550
0.053872 0.595353
0.478572 0.752117
0.391449 0.410077
0.794832 0.358465
0.797219 0.107713
0.146673 0.881236
0.453877 0.617600
0.074387 0.550811
0.644788 0.415174
0.997169 0.954962
0.739526 0.106184
0.901061 0.620625
0.914655 0.351615
0.903001 0.468089
0.463840 0.208942
0.164054 0.185686
0.326096 0.214113
0.083091 0.696268
0.519560 0.423964
0.767486 0.909472
0.894397 0.135449
0.647542 0.550539
0.433266 0.956026
0.341910 0.694769
0.525005 0.263145
0.418026 0.880664
0.951689 0.993879
0.667961 0.903414
0.481548 0.554822
0.009074 0.950268
0.229242 0.348720
0.665620 0.281758
0.757594 0.496671
0.391582 0.764715
0.639706 0.673472
0.414073 0.307229
0.154348 0.974138
0.786256 0.477394
0.499649 0.813318
0.949950 0.704422
0.855636 0.469405
0.582591 0.876205
0.600497 0.402219
0.269423 0.901197
0.654462 0.038207
0.957103 0.595005
0.866096 0.049855
0.545309 0.115250
0.551571 0.942796
0.207508 0.590763
0.027329 0.371688
0.649738 0.750802
0.906695 0.861674
0.265683 0.795673
0.746602 0.604233
0.972645 0.220665
0.530384 0.337902
0.365708 0.880010
0.076826 0.085357
0.452455 0.811485
0.674063 0.171337
0.136001 0.540786
0.871172 0.328794
0.831581 0.110683
0.238487 0.537798
0.623362 0.517451
0.257974 0.959961
0.097196 0.006951
0.386707 0.971483
0.587402 0.533708
0.991198 0.252858
0.975008 0.447249
0.294872 0.561764
0.483277 0.176175
0.661385 0.979568
0.278333 0.082998
0.548064 0.575698
0.146893 0.499143
0.286629 0.692561
0.408910 0.594622
0.830451 0.547620
0.913991 0.977516
0.449013 0.855006
0.370143 0.169576
0.691299 0.734795
0.781939 0.443557
0.439909 0.043396
0.567814 0.289846
0.867052 0.607338
0.067928 0.304131
0.036617 0.755338
0.313082 0.989364
0.199545 0.328467
0.831654 0.076410
0.326270 0.353420
0.140745 0.693595
0.857163 0.855540
0.475670 0.272657
0.791014 0.197430
0.054710 0.924229
0.111259 0.568116
0.588310 0.145289
0.270693 0.004883
0.238241 0.127588
0.133561 0.000353
0.297429 0.601613
0.351420 0.252735
0.619177 0.833979
0.754452 0.202642
0.720383 0.228255
0.427409 0.217896
0.688619 0.250086
0.041420 0.496446
0.987710 0.540532
0.078564 0.740763
0.830796 0.649993
0.155582 0.246140
0.104171 0.149946
0.724801 0.702824
0.988939 0.143074
0.919253 0.219339
0.603902 0.795265
0.478925 0.123897
0.790416 0.058543
0.425695 0.680099
0.384302 0.325362
0.723991 0.508103
0.562920 0.356682
0.828448 0.783283
0.185953 0.092263
0.974066 0.373955
0.115777 0.237490
0.681927 0.940671
0.806047 0.677342
0.010475 0.887849
0.130509 0.605849
0.375893 0.225514
0.489774 0.482474
0.325992 0.021327
0.799094 0.141929
0.397901 0.558847
0.724050 0.148464
0.321441 0.894347
0.376606 0.008920
0.567107 0.438333
0.976313 0.854970
0.788033 0.552496
0.185391 0.958797
0.657724 0.112996
0.087917 0.940723
0.181421 0.490964
0.941306 0.384039
0.546035 0.860315
0.053946 0.145988
0.621262 0.259210
0.308600 0.726632
0.540244 0.620608
0.278881 0.389899
0.005757 0.328868
0.821865 0.878093
0.686998 0.611868
0.254159 0.714161
0.967890 0.051440
0.694587 0.566250
0.907905 0.717308
0.956478 0.274890
0.751228 0.070528
0.804822 0.418931
0.362262 0.448862
0.421665 0.526308
0.197354 0.732800
0.441359 0.773693
0.974291 0.481487
0.012182 0.466828
0.359928 0.936995
0.117005 0.920085
0.810105 0.305789
0.187394 0.261656
0.528501 0.653524
0.811820 0.921386
0.537867 0.379651
0.292413 0.037356
0.358390 0.564968
0.629500 0.146382
0.996323 0.680142
0.603339 0.184061
0.086593 0.469427
0.005532 0.652934
0.598358 0.981519
0.544324 0.902748
0.195088 0.205577
0.827673 0.584805
0.687165 0.873904
0.395891 0.257360
0.527984 0.986879
0.326746 0.583488
0.042992 0.809497
0.845584 0.511361
0.387588 0.109905
0.396108 0.362297
0.635327 0.874060
0.947598 0.342214
0.297914 0.167899
0.637148 0.381042
0.065392 0.351228
0.039937 0.002315
0.331403 0.090918
0.898593 0.586598
0.904073 0.389412
0.655880 0.841134
0.382011 0.696379
0.073905 0.516754
0.095123 0.049778
0.750722 0.646605
0.005990 0.617003
0.566356 0.014338
0.161554 0.658719
0.099254 0.853093
0.591222 0.477528
0.445093 0.567841
0.118936 0.092032
0.614938 0.078852
0.176247 0.011901
0.304884 0.317814
0.591216 0.580674
0.266756 0.505360
0.057034 0.033253
0.856364 0.999474
0.797316 0.759837
0.533854 0.770589
0.632582 0.002943
0.219769 0.830523
0.846138 0.911347
0.913217 0.679816
0.436757 0.164240
0.336550 0.964357
0.527326 0.472322
0.945299 0.181074
0.207103 0.288831
0.291478 0.214789
0.758908 0.343284
0.150530 0.078496
0.458390 0.664093
0.012108 0.830131
0.118022 0.974028
0.002701 0.569132
0.466672 0.715390
0.442163 0.396981
0.060821 0.882688
0.528052 0.544033
0.156488 0.584369
0.376183 0.828156
0.924806 0.750041
0.930104 0.112992
0.162100 0.442079
0.586814 0.702361
0.761119 0.154260
0.416514 0.846008
0.089982 0.260873
0.848333 0.685174
0.996609 0.716592
0.848682 0.417014
0.837373 0.333550
0.765131 0.974413
0.004746 0.255312
0.162351 0.618287
0.564057 0.078494
0.851098 0.817926
0.358468 0.041005
0.676285 0.215645
0.450369 0.092917
0.084641 0.220580
0.617771 0.761354
0.502611 0.096485
0.112933 0.720542
0.747420 0.834998
0.488591 0.027437
0.498818 0.368791
0.246758 0.628134
0.923179 0.253518
0.632793 0.998497
0.886092 0.829843
0.613668 0.434354
0.675859 0.477563
0.646075 0.309062
0.185531 0.387302
0.453746 0.310926
0.702378 0.768212
