0.728666 0.400461
0.620217 0.761867
0.155280 0.026638
0.879784 0.733381
0.524693 0.146741
0.207384 0.935200
0.754039 0.700941
0.423085 0.167149
0.737900 0.518882
0.236352 0.618026
0.044646 0.424690
0.272110 0.355770
0.071347 0.956138
0.851121 0.702028
0.792334 0.489651
0.890937 0.220982
0.536406 0.064540
0.536211 0.966156
0.825358 0.531526
0.177416 0.392806
0.457929 0.904110
0.335539 0.326899
0.390416 0.755542
0.967361 0.681547
0.024263 0.635137
0.154620 0.149000
0.502688 0.541518
0.082819 0.884107
0.927020 0.034544
0.546108 0.516444
0.306496 0.638812
0.102208 0.564872
0.582772 0.482302
0.337278 0.730053
0.044763 0.924482
0.980994 0.475082
0.643639 0.171705
0.298908 0.020940
0.252235 0.222295
0.539667 0.738441
0.060109 0.107173
0.136096 0.251244
0.163091 0.637866
0.783381 0.666490
0.731088 0.137388
0.530034 0.108156
0.980736 0.184463
0.184796 0.463013
0.611523 0.600474
0.945511 0.840835
0.364849 0.240853
0.037562 0.670151
0.357339 0.682713
0.582116 0.985270
0.845743 0.470095
0.151206 0.829901
0.216503 0.092537
0.748364 0.454525
0.935156 0.470425
0.509874 0.612284
0.434626 0.865245
0.804680 0.257347
0.302109 0.845647
0.498662 0.893229
0.747258 0.832647
0.931238 0.909534
0.408050 0.209029
0.804487 0.457148
0.160424 0.298840
0.936947 0.410850
0.410103 0.828300
0.272796 0.303154
0.133399 0.529679
0.296895 0.921768
0.742157 0.574133
0.558929 0.378595
0.387495 0.384698
0.151335 0.086586
0.324343 0.276874
0.801708 0.403834
0.368047 0.436038
0.588056 0.238922
0.834752 0.344209
0.509317 0.699864
0.972313 0.066525
0.727973 0.308833
0.874616 0.952830
0.718555 0.886832
0.539395 0.810594
0.464201 0.635554
0.280299 0.257832
0.067837 0.757248
0.052486 0.853881
0.932800 0.584885
0.134209 0.780057
0.318012 0.093838
0.249614 0.057051
0.114261 0.350173
0.941590 0.642657
0.500620 0.464502
0.282040 0.803187
0.767167 0.287166
0.747714 0.742962
0.299855 0.411127
0.457525 0.041691
0.925643 0.522153
0.352664 0.942837
0.271538 0.636534
0.501127 0.807118
0.728521 0.269121
0.555972 0.848068
0.630192 0.981954
0.678288 0.470677
0.970314 0.577567
0.196542 0.759904
0.736745 0.182693
0.112565 0.193013
0.287543 0.565954
0.600527 0.310392
0.211478 0.879092
0.336096 0.197686
0.105720 0.459773
0.474503 0.687265
0.085978 0.920642
0.900977 0.690678
0.070610 0.653887
0.688796 0.871191
0.963711 0.807486
0.375703 0.163336
0.774673 0.426546
0.363411 0.030607
0.406156 0.576158
0.552842 0.219252
0.236879 0.254524
0.900025 0.375264
0.809926 0.604519
0.363443 0.892031
0.529561 0.770723
0.984446 0.231822
0.764862 0.956940
0.610739 0.107220
0.872463 0.010418
0.888815 0.136390
0.425264 0.292670
0.904115 0.639565
0.243349 0.151043
0.349357 0.859476
0.487969 0.231042
0.690253 0.575655
0.218044 0.476307
0.532214 0.286048
0.269229 0.754282
0.126333 0.892288
0.814978 0.700898
0.039045 0.035463
0.982270 0.404316
0.053569 0.614934
0.802795 0.838003
0.629811 0.914908
0.030968 0.073713
0.083457 0.226131
0.490118 0.007579
0.888752 0.768812
0.908019 0.189622
0.072852 0.807712
0.823224 0.901092
0.331877 0.826850
0.212130 0.037343
0.857047 0.413586
0.965739 0.153408
0.929306 0.070763
0.105943 0.852961
0.213089 0.576506
0.596417 0.369496
0.894636 0.494106
0.339691 0.412352
0.079467 0.537431
0.871043 0.082920
0.574443 0.016010
0.320275 0.690160
0.437399 0.324242
0.641657 0.136805
0.330852 0.986272
0.579177 0.943891
0.328833 0.461474
0.383279 0.544345
0.076239 0.346063
0.615203 0.521844
0.547610 0.600577
0.998231 0.109051
0.104462 0.984447
0.786130 0.926983
0.994051 0.628628
0.740937 0.986809
0.903661 0.286919
0.713564 0.010877
0.688414 0.338684
0.488592 0.398165
0.691120 0.104116
0.682032 0.520948
0.817577 0.138845
0.663128 0.029739
0.274810 0.191757
0.243962 0.419253
0.034449 0.719055
0.785726 0.056048
0.004249 0.681658
0.676049 0.630805
0.392784 0.612258
0.204365 0.215031
0.390400 0.954212
0.607472 0.556621
0.983154 0.995400
0.976948 0.437810
0.723815 0.686281
0.363575 0.074429
0.825083 0.941082
0.570827 0.545000
0.790465 0.995085
0.171324 0.499104
0.859326 0.556658
0.350500 0.583210
0.182301 0.991202
0.836302 0.748889
0.864944 0.891601
0.018170 0.762532
0.259811 0.494135
0.160053 0.598228
0.946779 0.125006
0.947259 0.195795
0.034163 0.199105
0.553289 0.435425
0.068061 0.002089
0.314933 0.162455
0.796101 0.804281
0.124035 0.646214
0.337020 0.374740
0.593498 0.657924
0.838832 0.993685
0.096442 0.389715
0.554144 0.254383
0.857088 0.217415
0.677351 0.432255
0.237934 0.799182
0.641946 0.295706
0.000304 0.445557
0.394950 0.660270
0.836298 0.841437
0.467244 0.827181
0.406801 0.916240
0.895620 0.583700
0.538049 0.187689
0.971085 0.960475
0.813370 0.027788
0.649571 0.242836
0.756683 0.360112
0.060667 0.581385
0.839151 0.293716
0.994478 0.934749
0.470184 0.979004
0.410435 0.093722
0.661889 0.372466
0.679354 0.212652
0.365709 0.351969
0.009349 0.361941
0.944649 0.723710
0.705514 0.756604
0.454109 0.583565
0.491799 0.756068
0.098523 0.676250
0.201364 0.701001
0.425954 0.695173
0.046652 0.283892
0.646183 0.832336
0.101696 0.088160
0.333820 0.518619
0.426488 0.963301
0.934789 0.328213
0.779480 0.179683
0.541248 0.344727
0.863034 0.317947
0.728993 0.638844
0.444087 0.194783
0.221174 0.511079
0.168014 0.535276
0.426500 0.481115
0.584168 0.878771
0.254163 0.110715
0.001172 0.925089
0.409153 0.026738
0.268823 0.858130
0.143746 0.923510
0.810509 0.098401
0.665693 0.802423
0.410078 0.520228
0.246861 0.884102
0.635076 0.207403
0.944775 0.986644
0.141556 0.981985
0.337390 0.124444
0.895976 0.995481
0.905101 0.434348
0.424211 0.755768
0.256425 0.924561
0.472804 0.505599
0.038308 0.509066
0.916680 0.795442
0.287289 0.125372
0.646109 0.086207
0.203458 0.169115
0.630315 0.391757
0.591678 0.158946
0.990712 0.540592
0.950918 0.273301
0.518072 0.936992
0.513565 0.993986
0.759482 0.224331
0.024297 0.394719
0.865042 0.511152
0.791522 0.337277
0.853442 0.129033
0.110527 0.274605
0.619512 0.484807
0.472998 0.277724
0.585678 0.741785
0.622936 0.857447
0.504756 0.340170
0.927269 0.245585
0.575096 0.093152
0.201611 0.645240
0.302636 0.597812
0.659748 0.734582
0.995857 0.345796
0.837025 0.064183
0.294998 0.500064
0.579740 0.054943
0.420958 0.442171
0.650909 0.655619
0.090297 0.055342
0.395396 0.277322
0.813374 0.172801
0.196408 0.315152
0.866599 0.813614
0.495195 0.655831
0.774115 0.022116
0.315791 0.235120
0.009425 0.550270
0.170333 0.714208
0.012534 0.241177
0.018657 0.477673
0.433683 0.401469
0.446585 0.531906
0.830007 0.655504
0.698736 0.820428
0.026609 0.795811
0.733864 0.782294
0.547344 0.911889
0.186454 0.129353
0.376296 0.987076
0.007916 0.833789
0.966514 0.898167
0.432839 0.246057
0.688841 0.941179
0.417667 0.353736
0.790189 0.876692
0.685051 0.291596
0.076591 0.160182
0.277888 0.705340
0.715041 0.476560
0.463681 0.441257
0.287207 0.998755
0.262979 0.454600
0.000549 0.328119
0.234171 0.355751
0.331665 0.914624
0.909415 0.107037
0.074281 0.307862
0.126526 0.495303
0.525450 0.384387
0.752581 0.917945
0.444271 0.787759
0.554179 0.650737
0.135597 0.575059
0.458201 0.744907
0.711781 0.050644
0.973548 0.024101
0.240250 0.972622
0.181665 0.895638
0.464317 0.090253
0.362400 0.812239
0.911908 0.743987
0.373461 0.306279
0.137065 0.398606
0.997152 0.825583
0.002371 0.998761
0.228795 0.732660
0.912684 0.859515
0.068170 0.706628
0.126285 0.696836
0.044855 0.986782
0.718816 0.222546
0.469642 0.149547
0.607984 0.438927
0.662371 0.696696
0.010949 0.141017
0.953030 0.771979
0.258737 0.529487
0.984257 0.710910
0.591665 0.702396
0.786504 0.768852
0.170397 0.784182
0.019082 0.597637
0.252509 0.573254
0.780254 0.620925
0.704227 0.994471
0.311110 0.352514
0.644137 0.553389
0.614470 0.033134
0.892873 0.336306
0.501012 0.184266
0.118514 0.747023
0.044321 0.331756
0.312876 0.780584
0.362836 0.499563
0.565867 0.769822
0.361865 0.628073
0.066529 0.477561
0.125160 0.060568
0.285489 0.956308
0.107724 0.948318
0.776889 0.577110
0.751696 0.881118
0.749546 0.050141
0.597972 0.196700
0.498888 0.845823
0.628931 0.706787
0.231422 0.002763
0.994102 0.304686
0.591734 0.817811
0.183971 0.356595
0.751731 0.085263
0.782116 0.522085
0.579732 0.611583
0.164087 0.190369
0.778889 0.110529
0.113113 0.122421
0.962203 0.349873
0.803472 0.734718
0.210531 0.843183
0.159040 0.750371
0.139797 0.446800
0.199731 0.251339
0.029116 0.883599
0.001641 0.032500
0.574264 0.333427
0.116554 0.006119
0.427588 0.999443
0.321379 0.560833
0.648485 0.589281
0.693677 0.387785
0.847952 0.784823
0.546361 0.695679
0.872422 0.181915
0.920552 0.156736
0.871192 0.609703
0.822699 0.225358
0.904698 0.937211
0.002556 0.098280
0.284784 0.672156
0.934637 0.371343
0.373019 0.200130
0.391108 0.463940
0.119753 0.608716
0.955312 0.541183
0.476747 0.935171
0.173991 0.946479
0.346824 0.780194
0.397288 0.871688
0.642420 0.949055
0.656915 0.883957
0.938020 0.948381
0.557890 0.127245
0.230427 0.299877
0.456332 0.371187
0.238305 0.686754
0.684868 0.142404
0.900039 0.825640
0.199547 0.611410
0.620914 0.801142
0.998621 0.786339
0.375420 0.713715
0.125322 0.311351
0.424610 0.643697
0.496030 0.116509
0.313975 0.879049
0.665136 0.993736
0.570701 0.285439
0.090358 0.625764
0.406453 0.130162
0.495588 0.077876
