0.479092 0.334147
0.492763 0.169264
0.963061 0.873475
0.652880 0.941711
0.833893 0.634148
0.541370 0.256383
0.163961 0.661682
0.500363 0.297706
0.381273 0.249503
0.874664 0.792427
0.082530 0.823852
0.005957 0.015115
0.183841 0.547648
0.254406 0.579262
0.397850 0.364958
0.410973 0.906799
0.861953 0.367292
0.884591 0.412079
0.389980 0.138057
0.118801 0.405026
0.308318 0.100560
0.683498 0.974687
0.015295 0.392751
0.034301 0.550297
0.405726 0.446373
0.972565 0.105190
0.418861 0.243349
0.327779 0.488023
0.763325 0.843252
0.352165 0.224095
0.485409 0.749388
0.410057 0.738787
0.872599 0.721588
0.138355 0.544740
0.164284 0.772146
0.157758 0.880101
0.435079 0.763930
0.044140 0.860071
0.710218 0.026822
0.409754 0.597901
0.821733 0.412609
0.223451 0.104380
0.260280 0.293358
0.473029 0.926190
0.453172 0.033754
0.752290 0.946147
0.925512 0.076325
0.239816 0.447098
0.947035 0.292801
0.900131 0.218740
0.692773 0.796419
0.404723 0.488654
0.613866 0.851904
0.772580 0.093790
0.545472 0.440147
0.267554 0.879178
0.607105 0.692650
0.075369 0.384549
0.468623 0.860718
0.650468 0.760783
0.529234 0.668195
0.671557 0.145108
0.158528 0.006100
0.893643 0.329988
0.645059 0.574302
0.579721 0.507094
0.453735 0.264732
0.081394 0.764549
0.957404 0.383401
0.445394 0.800489
0.299352 0.601345
0.777269 0.406462
0.477297 0.816023
0.658354 0.825171
0.139631 0.320515
0.240326 0.703693
0.640736 0.631569
0.298332 0.040396
0.739413 0.248011
0.281092 0.778121
0.842655 0.213274
0.033991 0.760447
0.256708 0.098693
0.394880 0.206028
0.926322 0.135055
0.607599 0.242725
0.881864 0.682030
0.089235 0.454115
0.455798 0.450529
0.757567 0.712838
0.201531 0.301013
0.172504 0.038435
0.376990 0.912448
0.906288 0.874779
0.401608 0.527472
0.555849 0.091278
0.379891 0.799300
0.103771 0.992788
0.946968 0.585075
0.654958 0.673892
0.704799 0.189277
0.820958 0.030271
0.853734 0.848462
0.196935 0.882813
0.372921 0.309605
0.615831 0.944465
0.920637 0.787991
0.157591 0.708072
0.609577 0.587810
0.755574 0.376572
0.429077 0.693470
0.244327 0.142859
0.426638 0.141515
0.962555 0.910551
0.548009 0.379908
0.114945 0.680605
0.066365 0.141767
0.078991 0.323791
0.296901 0.222761
0.337139 0.011058
0.035075 0.794141
0.246607 0.929590
0.575394 0.569623
0.357376 0.532198
0.233681 0.657492
0.080381 0.908794
0.731757 0.115629
0.805202 0.371362
0.686627 0.078376
0.198841 0.010903
0.376479 0.727857
0.567397 0.345553
0.161179 0.221117
0.228082 0.484205
0.339493 0.450116
0.945068 0.452022
0.496076 0.086774
0.492144 0.229009
0.303879 0.825549
0.317248 0.939177
0.897233 0.946145
0.495547 0.976134
0.028423 0.591386
0.719919 0.416773
0.619689 0.428474
0.044289 0.485302
0.665150 0.029435
0.182092 0.582567
0.841535 0.289368
0.170064 0.815626
0.153680 0.289750
0.899850 0.479506
0.893142 0.632116
0.934635 0.620415
0.293632 0.417832
0.836162 0.532714
0.909869 0.184572
0.620879 0.192859
0.559780 0.177615
0.169355 0.965706
0.564712 0.657385
0.614532 0.107490
0.301124 0.455685
0.356455 0.342997
0.501952 0.850533
0.201540 0.241054
0.264902 0.399079
0.723169 0.297811
0.797631 0.694617
0.257757 0.986608
0.767990 0.455942
0.229606 0.608030
0.914118 0.433241
0.097714 0.493313
0.095724 0.866144
0.706600 0.846528
0.526608 0.600373
0.025167 0.234008
0.555050 0.771357
0.295138 0.514291
0.078285 0.198011
0.766996 0.522636
0.515850 0.564249
0.706669 0.903361
0.809268 0.838491
0.767978 0.614679
0.468316 0.645376
0.345566 0.694047
0.234192 0.052467
0.949794 0.767364
0.698576 0.742728
0.764494 0.675344
0.213387 0.840518
0.309523 0.321927
0.866052 0.508023
0.103982 0.569094
0.124729 0.819208
0.383127 0.400700
0.676868 0.288620
0.304848 0.189240
0.064034 0.101302
0.808976 0.984779
0.042310 0.905075
0.576776 0.400905
0.687134 0.574238
0.151761 0.155487
0.738292 0.062762
0.254180 0.224901
0.193288 0.333999
0.416640 0.013938
0.804611 0.468308
0.920400 0.832327
0.016311 0.971847
0.991227 0.436803
0.446519 0.986773
0.387781 0.062553
0.209489 0.524103
0.655961 0.317483
0.508399 0.718522
0.370558 0.867173
0.505134 0.937345
0.133320 0.511079
0.494268 0.451199
0.700804 0.639012
0.719328 0.672787
0.064776 0.644669
0.464629 0.532183
0.786437 0.245933
0.187924 0.078529
0.321431 0.560567
0.006989 0.480503
0.792958 0.501306
0.143994 0.918378
0.343257 0.292790
0.843734 0.142578
0.867200 0.007084
0.804498 0.610918
0.873281 0.198063
0.122650 0.457491
0.447160 0.080952
0.081834 0.711219
0.447877 0.175205
0.930452 0.496759
0.688910 0.467597
0.242520 0.182606
0.802530 0.894875
0.913396 0.997073
0.961462 0.831641
0.753347 0.756773
0.293815 0.151394
0.435804 0.370275
0.127904 0.735907
0.759120 0.155465
0.741244 0.487922
0.066224 0.027331
0.641344 0.497158
0.854915 0.941360
0.432085 0.304308
0.179910 0.368343
0.620418 0.025037
0.344364 0.605394
0.297255 0.641880
0.329519 0.741125
0.106770 0.102124
0.845636 0.898298
0.492256 0.263185
0.978123 0.164908
0.662885 0.350527
0.021986 0.342211
0.427049 0.851005
0.526940 0.023513
0.336899 0.406806
0.204999 0.456976
0.938704 0.028819
0.880555 0.574085
0.235524 0.548094
0.545020 0.491507
0.825458 0.788549
0.012187 0.162238
0.217192 0.764349
0.342336 0.653844
0.556717 0.125791
0.744711 0.006084
0.871015 0.075475
0.620122 0.813859
0.626557 0.337634
0.223730 0.389825
0.848859 0.588827
0.942025 0.170943
0.641896 0.537188
0.784537 0.207504
0.727039 0.570666
0.243027 0.019162
0.029544 0.294644
0.549160 0.050368
0.786289 0.014303
0.097418 0.603207
0.587440 0.003375
0.912615 0.294758
0.610638 0.742327
0.800522 0.059402
0.464919 0.604835
0.199920 0.659188
0.288673 0.371308
0.489848 0.672616
0.799488 0.951898
0.142581 0.251153
0.988665 0.595380
0.575779 0.274432
0.325826 0.139202
0.391431 0.965502
0.436583 0.935351
0.105049 0.170842
0.784378 0.341771
0.793684 0.646198
0.783178 0.567763
0.813830 0.322408
0.142159 0.056571
0.466340 0.301277
0.083185 0.239887
0.465698 0.484451
0.503011 0.409260
0.742685 0.874682
0.187261 0.171401
0.010253 0.713879
0.180512 0.409390
0.220239 0.972266
0.114763 0.138452
0.053571 0.174443
0.582360 0.921437
0.493292 0.016838
0.358065 0.760624
0.372347 0.462406
0.276201 0.542294
0.564102 0.869886
0.910767 0.551311
0.996692 0.757554
0.751995 0.318145
0.967694 0.548013
0.852851 0.984372
0.660876 0.249800
0.350093 0.954286
0.593339 0.971047
0.965383 0.258587
0.605922 0.296089
0.646657 0.865298
0.141117 0.582755
0.934935 0.695729
0.848768 0.441019
0.905530 0.378406
0.467426 0.109717
0.499363 0.493378
0.812052 0.173453
0.714485 0.147272
0.206830 0.929333
0.599787 0.164706
0.977896 0.057537
0.508266 0.782647
0.633131 0.076691
0.194314 0.695423
0.301970 0.691547
0.557819 0.969011
0.381352 0.171295
0.255326 0.356294
0.340906 0.082381
0.734630 0.794364
0.198760 0.204553
0.967679 0.980254
0.506913 0.363852
0.372634 0.584743
0.992527 0.639027
0.320828 0.249635
0.104568 0.044827
0.720218 0.520348
0.891102 0.906157
0.452094 0.573245
0.687203 0.504046
0.676858 0.386747
0.000481 0.271371
0.140555 0.994477
0.732267 0.992637
0.913600 0.736584
0.029447 0.109678
0.101011 0.271159
0.269249 0.742629
0.554468 0.691331
0.287089 0.960263
0.703275 0.331698
0.802524 0.730351
0.192333 0.122618
0.465131 0.146284
0.982759 0.346761
0.335501 0.991042
0.025317 0.057374
0.002653 0.855786
0.392990 0.654253
0.564623 0.806186
0.652013 0.441892
0.995813 0.314224
0.340781 0.182481
0.389088 0.103544
0.330425 0.859564
0.690061 0.932534
0.341273 0.808644
0.992159 0.502116
0.563170 0.307907
0.657120 0.198512
0.925938 0.653064
0.948790 0.344725
0.964393 0.001686
0.620055 0.775903
0.638806 0.902373
0.212166 0.726689
0.769579 0.808214
0.883202 0.119791
0.635682 0.370973
0.950336 0.207190
0.534323 0.889839
0.105473 0.955112
0.237454 0.799992
0.617056 0.660382
0.289401 0.000433
0.271956 0.256611
0.831756 0.080041
0.416224 0.406191
0.988337 0.207156
0.133494 0.636750
0.373138 0.024011
0.833910 0.742273
0.031063 0.443179
0.045691 0.700493
0.858116 0.044332
0.232369 0.897986
0.998874 0.008949
0.096972 0.001098
0.543349 0.527529
0.766520 0.281603
0.326503 0.360857
0.709351 0.365948
0.412892 0.994956
0.291351 0.996037
0.007642 0.675379
0.463679 0.208776
0.550381 0.222124
0.989166 0.709743
0.905895 0.039213
0.059184 0.277434
0.852856 0.331377
0.181333 0.617187
0.862628 0.473136
0.578355 0.839006
0.068229 0.513915
0.625515 0.982010
0.112010 0.221874
0.701883 0.702472
0.996656 0.874841
0.289039 0.907550
0.013039 0.937689
0.449676 0.403549
0.991182 0.397667
0.838884 0.672196
0.672669 0.887778
0.157120 0.112464
0.932751 0.949011
0.057877 0.419724
0.999161 0.130500
0.862965 0.258515
0.988115 0.936557
0.133316 0.363683
0.604655 0.628581
0.173780 0.473932
0.891992 0.155272
0.278888 0.071612
0.823482 0.255351
0.010940 0.820806
0.073531 0.973608
0.400038 0.282778
0.529466 0.321308
0.169378 0.511484
0.518114 0.135686
0.540959 0.939532
0.792799 0.770719
0.002693 0.534997
0.973832 0.667923
0.594055 0.046108
0.956866 0.727522
0.540470 0.734231
0.424043 0.052062
0.699156 0.222951
0.265873 0.830045
0.070079 0.578399
0.773193 0.993718
0.503672 0.052211
0.535322 0.999716
0.791179 0.132975
0.573791 0.742616
0.265710 0.673971
0.664811 0.717809
0.115700 0.783798
0.984154 0.802063
