0	57
0	129
0	242
0	255
0	459
1	293
1	324
1	331
1	424
1	435
1	488
2	77
2	167
2	427
2	436
2	455
3	13
3	124
3	162
3	223
3	390
4	45
4	251
4	401
4	419
4	481
4	493
5	119
5	222
5	295
5	303
5	386
5	387
5	475
6	43
6	102
6	153
6	214
6	447
7	66
7	128
7	282
7	401
7	498
8	14
8	57
8	74
8	148
8	199
8	368
8	441
9	107
9	172
9	329
9	412
9	484
9	487
10	121
10	239
10	245
10	317
10	349
10	426
11	71
11	103
11	203
11	373
11	415
12	34
12	123
12	190
12	399
12	429
13	3
13	124
13	153
13	223
13	352
14	8
14	18
14	54
14	57
14	67
14	441
15	163
15	194
15	241
15	327
15	462
16	45
16	161
16	178
16	328
16	335
16	499
17	53
17	183
17	314
17	315
17	356
18	14
18	54
18	135
18	220
18	318
18	430
18	441
19	47
19	203
19	373
19	392
19	439
19	450
20	60
20	63
20	249
20	276
20	474
21	71
21	78
21	236
21	263
21	391
21	415
22	33
22	70
22	302
22	380
22	389
22	476
22	490
23	98
23	124
23	192
23	265
23	407
24	51
24	125
24	156
24	206
24	411
25	77
25	116
25	309
25	357
25	443
25	445
26	29
26	59
26	188
26	217
26	267
26	304
26	351
27	34
27	92
27	123
27	152
27	171
27	452
28	84
28	141
28	170
28	177
28	385
29	26
29	32
29	99
29	217
29	231
29	304
30	52
30	107
30	179
30	330
30	425
30	468
31	72
31	176
31	256
31	382
31	472
31	497
32	29
32	187
32	217
32	231
32	322
32	402
33	22
33	52
33	151
33	179
33	367
33	422
33	476
33	490
34	12
34	27
34	123
34	288
34	399
34	452
35	58
35	105
35	155
35	213
35	312
35	332
35	473
36	181
36	262
36	296
36	311
36	433
36	485
37	95
37	96
37	130
37	161
37	289
37	436
38	90
38	133
38	145
38	202
38	209
38	309
38	345
39	83
39	137
39	268
39	324
39	424
39	461
40	159
40	274
40	338
40	366
40	404
40	445
40	467
41	68
41	116
41	160
41	321
41	443
41	451
42	227
42	235
42	270
42	329
42	347
42	398
42	472
42	487
43	6
43	153
43	214
43	281
43	352
43	413
44	115
44	198
44	278
44	440
44	444
44	485
45	4
45	16
45	328
45	481
45	493
45	499
46	138
46	169
46	189
46	229
47	19
47	149
47	203
47	219
47	450
48	211
48	237
48	337
48	442
48	458
49	127
49	306
49	360
49	393
49	396
49	486
50	66
50	78
50	120
50	339
50	345
50	361
50	391
50	470
51	24
51	125
51	204
51	206
51	397
52	30
52	33
52	179
52	246
52	425
52	490
53	17
53	111
53	183
53	315
53	495
54	14
54	18
54	67
54	168
54	174
54	301
54	318
55	94
55	152
55	171
55	387
55	410
55	448
56	77
56	96
56	145
56	167
56	287
56	357
57	0
57	8
57	14
57	67
57	129
57	242
57	368
58	35
58	69
58	105
58	174
58	213
58	301
59	26
59	89
59	188
59	267
59	343
59	381
60	20
60	63
60	70
60	248
60	249
60	434
60	477
61	101
61	257
61	316
61	465
62	100
62	146
62	166
62	290
62	494
63	20
63	60
63	110
63	314
63	356
63	434
63	474
64	87
64	126
64	157
64	234
64	353
64	355
64	364
64	431
65	224
65	360
65	396
65	466
65	480
66	7
66	50
66	128
66	282
66	361
66	470
67	14
67	54
67	57
67	79
67	129
67	168
68	41
68	321
68	341
68	439
68	451
68	491
69	58
69	134
69	155
69	213
69	301
69	469
70	22
70	60
70	146
70	248
70	380
70	389
70	477
71	11
71	21
71	78
71	90
71	133
71	373
71	415
71	482
72	31
72	176
72	219
72	284
72	377
72	382
73	106
73	290
73	295
73	303
73	374
73	428
73	494
74	8
74	148
74	281
74	413
74	430
74	441
75	173
75	231
75	279
75	378
75	402
75	454
76	80
76	175
76	236
76	263
76	336
76	350
76	363
77	2
77	25
77	56
77	167
77	274
77	357
77	427
77	445
78	21
78	50
78	71
78	90
78	345
78	391
79	67
79	82
79	129
79	168
79	255
79	319
80	76
80	175
80	184
80	336
80	471
81	118
81	132
81	240
81	244
81	254
81	296
81	433
81	496
82	79
82	134
82	168
82	257
82	280
82	319
82	418
83	39
83	122
83	268
83	343
83	383
83	461
84	28
84	170
84	189
84	228
84	385
85	101
85	109
85	196
85	255
85	319
85	365
86	216
86	224
86	238
86	300
86	466
87	64
87	126
87	362
87	379
87	431
88	108
88	110
88	137
88	424
88	434
88	438
89	59
89	122
89	267
89	343
89	492
90	38
90	71
90	78
90	133
90	345
91	94
91	164
91	204
91	225
91	354
91	397
91	420
92	27
92	164
92	171
92	354
92	359
92	452
93	98
93	105
93	113
93	144
93	250
93	473
94	55
94	91
94	164
94	171
94	410
94	420
94	449
95	37
95	96
95	130
95	215
95	287
95	299
95	307
96	37
96	56
96	95
96	167
96	287
96	436
97	186
97	239
97	376
97	392
97	439
97	491
98	23
98	93
98	113
98	124
98	144
98	192
99	29
99	197
99	231
99	304
99	369
100	62
100	151
100	166
100	243
100	290
100	422
101	61
101	85
101	109
101	257
101	316
101	319
102	6
102	214
102	266
102	355
102	409
102	447
103	11
103	175
103	184
103	203
103	236
103	371
103	415
104	161
104	260
104	289
104	388
104	499
105	35
105	58
105	93
105	174
105	220
105	250
105	318
105	473
106	73
106	136
106	182
106	210
106	249
106	358
106	374
106	428
107	9
107	30
107	330
107	412
107	468
107	484
108	88
108	137
108	248
108	268
108	380
108	434
109	85
109	101
109	316
109	365
109	400
110	63
110	88
110	286
110	356
110	434
110	438
111	53
111	183
111	478
111	495
112	199
112	242
112	322
112	368
112	402
113	93
113	98
113	192
113	312
113	473
114	243
114	270
114	347
114	395
114	410
114	449
115	44
115	262
115	278
115	316
115	400
115	485
116	25
116	41
116	160
116	366
116	443
116	445
117	330
117	334
117	406
117	412
117	457
118	81
118	173
118	244
118	261
118	454
118	496
119	5
119	295
119	387
119	448
120	50
120	128
120	202
120	233
120	345
120	470
121	10
121	239
121	377
121	392
121	426
121	450
122	83
122	89
122	271
122	343
122	383
122	492
123	12
123	27
123	34
123	152
123	291
123	429
124	3
124	13
124	23
124	98
124	144
124	265
124	352
124	390
125	24
125	51
125	156
125	269
125	397
125	497
126	64
126	87
126	273
126	353
126	362
126	479
127	49
127	306
127	393
127	405
127	489
128	7
128	66
128	120
128	233
128	299
128	470
128	498
129	0
129	57
129	67
129	79
129	255
130	37
130	95
130	215
130	289
131	185
131	208
131	221
131	267
131	294
131	351
132	81
132	147
132	240
132	251
132	433
133	38
133	71
133	90
133	209
133	451
133	482
134	69
134	82
134	168
134	301
134	418
134	469
135	18
135	220
135	352
135	413
135	430
135	464
136	106
136	146
136	249
136	374
136	477
136	494
137	39
137	88
137	108
137	268
137	424
138	46
138	189
138	229
138	313
138	327
138	437
139	191
139	193
139	216
139	218
139	362
139	379
140	181
140	308
140	311
140	328
140	335
140	481
141	28
141	161
141	177
141	195
141	253
141	333
141	344
141	385
142	177
142	320
142	375
142	462
142	463
143	180
143	323
143	339
143	361
143	391
144	93
144	98
144	124
144	250
144	352
144	464
145	38
145	56
145	202
145	287
145	307
145	309
145	357
146	62
146	70
146	136
146	166
146	389
146	477
146	494
147	132
147	150
147	240
147	251
147	282
147	323
147	361
147	419
148	8
148	74
148	199
148	207
148	281
148	416
148	458
149	47
149	203
149	219
149	226
149	283
149	371
150	147
150	240
150	279
150	323
150	326
150	454
150	496
151	33
151	100
151	243
151	367
151	395
151	422
152	27
152	55
152	123
152	171
152	291
152	387
153	6
153	13
153	43
153	223
153	352
153	447
154	159
154	232
154	338
154	453
155	35
155	69
155	213
155	332
155	446
155	469
156	24
156	125
156	256
156	411
156	497
157	64
157	234
157	247
157	364
158	183
158	286
158	325
158	362
158	478
158	479
159	40
159	154
159	338
159	453
159	467
160	41
160	116
160	230
160	272
160	321
160	348
160	366
161	16
161	37
161	104
161	141
161	178
161	195
161	289
161	436
161	499
162	3
162	223
162	306
162	342
162	390
162	460
163	15
163	229
163	327
163	462
163	463
164	91
164	92
164	94
164	171
164	354
165	191
165	216
165	224
165	247
165	364
166	62
166	100
166	146
166	389
166	422
166	476
167	2
167	56
167	77
167	96
167	436
168	54
168	67
168	79
168	82
168	134
168	301
169	46
169	189
169	228
169	229
169	463
170	28
170	84
170	177
170	228
170	375
171	27
171	55
171	92
171	94
171	152
171	164
172	9
172	227
172	283
172	284
172	406
172	412
172	487
173	75
173	118
173	261
173	310
173	402
173	454
174	54
174	58
174	105
174	301
174	318
175	76
175	80
175	103
175	184
175	236
176	31
176	72
176	256
176	305
176	346
176	377
176	426
177	28
177	141
177	142
177	170
177	292
177	320
177	333
177	375
178	16
178	161
178	195
178	201
178	335
178	417
179	30
179	33
179	52
179	367
179	468
180	143
180	323
180	326
180	363
180	391
180	483
181	36
181	140
181	198
181	308
181	311
181	485
182	106
182	358
182	370
182	428
183	17
183	53
183	111
183	158
183	286
183	356
183	478
184	80
184	103
184	175
184	275
184	334
184	371
184	423
184	471
185	131
185	221
185	275
185	294
185	423
185	457
186	97
186	239
186	317
186	376
186	421
187	32
187	199
187	211
187	217
187	322
187	416
188	26
188	59
188	217
188	381
188	442
189	46
189	84
189	138
189	169
189	228
189	332
189	437
189	489
190	12
190	222
190	298
190	394
190	399
190	429
191	139
191	165
191	216
191	364
191	379
192	23
192	98
192	113
192	312
192	332
192	407
192	489
193	139
193	218
193	362
193	414
194	15
194	241
194	257
194	277
194	280
194	313
194	327
194	418
195	141
195	161
195	178
195	201
195	344
195	384
195	432
196	85
196	244
196	255
196	261
196	365
196	459
197	99
197	231
197	326
197	350
197	369
197	378
197	483
198	44
198	181
198	308
198	384
198	440
198	485
199	8
199	112
199	148
199	187
199	322
199	368
199	416
200	278
200	292
200	320
200	340
200	444
201	178
201	195
201	308
201	384
201	417
202	38
202	120
202	145
202	233
202	307
202	345
203	11
203	19
203	47
203	103
203	149
203	371
203	373
204	51
204	91
204	206
204	225
204	397
205	253
205	292
205	333
205	344
205	432
205	440
205	444
206	24
206	51
206	204
206	225
206	245
206	288
206	346
206	359
206	411
207	148
207	214
207	281
207	337
207	403
207	458
208	131
208	221
208	246
208	267
208	425
208	492
209	38
209	133
209	309
209	443
209	451
210	106
210	249
210	276
210	358
211	48
211	187
211	217
211	416
211	442
211	458
212	252
212	297
212	300
212	456
213	35
213	58
213	69
213	155
214	6
214	43
214	102
214	207
214	266
214	281
214	403
215	95
215	130
215	260
215	289
215	299
215	498
216	86
216	139
216	165
216	191
216	218
216	224
216	238
217	26
217	29
217	32
217	187
217	188
217	211
217	442
218	139
218	193
218	216
218	238
218	300
218	414
218	456
219	47
219	72
219	149
219	283
219	284
219	377
219	450
220	18
220	105
220	135
220	250
220	318
220	464
221	131
221	185
221	208
221	330
221	425
221	457
222	5
222	190
222	298
222	370
222	386
222	394
222	475
223	3
223	13
223	153
223	162
223	409
223	447
223	460
224	65
224	86
224	165
224	216
224	247
224	396
224	466
224	486
225	91
225	204
225	206
225	354
225	359
226	149
226	283
226	334
226	371
226	406
227	42
227	172
227	284
227	382
227	472
227	487
228	84
228	169
228	170
228	189
228	375
228	463
229	46
229	138
229	163
229	169
229	327
229	463
230	160
230	348
230	366
230	404
231	29
231	32
231	75
231	99
231	197
231	378
231	402
232	154
232	338
232	436
232	455
233	120
233	128
233	202
233	299
233	307
234	64
234	157
234	247
234	355
234	409
234	460
235	42
235	269
235	398
235	472
235	497
236	21
236	76
236	103
236	175
236	263
236	415
237	48
237	337
237	381
237	408
237	435
237	442
237	461
238	86
238	216
238	218
238	300
239	10
239	97
239	121
239	186
239	317
239	392
240	81
240	132
240	147
240	150
240	496
241	15
241	194
241	257
241	340
241	462
241	465
242	0
242	57
242	112
242	261
242	310
242	368
242	402
242	459
243	100
243	114
243	151
243	290
243	395
243	410
243	448
244	81
244	118
244	196
244	254
244	261
244	365
245	10
245	206
245	264
245	317
245	346
245	349
245	372
246	52
246	208
246	271
246	425
246	490
246	492
247	157
247	165
247	224
247	234
247	342
247	364
247	460
247	486
248	60
248	70
248	108
248	380
248	434
249	20
249	60
249	106
249	136
249	210
249	276
249	477
250	93
250	105
250	144
250	220
250	464
251	4
251	132
251	147
251	311
251	419
251	433
251	481
252	212
252	258
252	297
252	480
253	141
253	205
253	333
253	344
254	81
254	244
254	262
254	296
254	365
255	0
255	79
255	85
255	129
255	196
255	319
255	459
256	31
256	156
256	176
256	346
256	411
256	497
257	61
257	82
257	101
257	194
257	241
257	280
257	319
257	465
258	212
258	252
258	360
258	393
258	480
259	276
259	314
259	315
259	456
259	474
260	104
260	215
260	289
260	388
260	498
261	118
261	173
261	196
261	242
261	244
261	310
261	459
262	36
262	115
262	254
262	296
262	365
262	400
262	485
263	21
263	76
263	236
263	363
263	391
264	245
264	317
264	372
264	421
265	23
265	124
265	390
265	405
265	407
266	102
266	214
266	293
266	331
266	353
266	355
266	403
267	26
267	59
267	89
267	131
267	208
267	351
267	492
268	39
268	83
268	108
268	137
268	380
268	383
269	125
269	235
269	397
269	398
269	497
270	42
270	114
270	329
270	347
270	395
270	484
271	122
271	246
271	302
271	383
271	490
271	492
272	160
272	321
272	348
272	372
272	376
272	421
273	126
273	293
273	325
273	353
273	479
273	488
274	40
274	77
274	338
274	427
274	445
275	184
275	185
275	334
275	423
275	457
276	20
276	210
276	249
276	259
276	358
276	456
276	474
277	194
277	313
277	418
277	437
277	446
277	469
278	44
278	115
278	200
278	316
278	340
278	444
278	465
279	75
279	150
279	326
279	378
279	454
280	82
280	194
280	257
280	418
281	43
281	74
281	148
281	207
281	214
281	413
282	7
282	66
282	147
282	361
282	401
282	419
283	149
283	172
283	219
283	226
283	284
283	406
284	72
284	172
284	219
284	227
284	283
284	382
285	294
285	304
285	336
285	351
285	369
285	471
286	110
286	158
286	183
286	325
286	356
286	438
287	56
287	95
287	96
287	145
287	307
288	34
288	206
288	245
288	359
288	399
288	452
289	37
289	104
289	130
289	161
289	215
289	260
290	62
290	73
290	100
290	243
290	295
290	448
290	494
291	123
291	152
291	298
291	387
291	429
291	475
292	177
292	200
292	205
292	320
292	333
292	444
293	1
293	266
293	273
293	331
293	353
293	488
294	131
294	185
294	285
294	351
294	423
294	471
295	5
295	73
295	119
295	290
295	303
295	448
296	36
296	81
296	254
296	262
296	433
297	212
297	252
297	300
297	480
298	190
298	222
298	291
298	429
298	475
299	95
299	128
299	215
299	233
299	307
299	498
300	86
300	212
300	218
300	238
300	297
300	456
300	466
300	480
301	54
301	58
301	69
301	134
301	168
301	174
302	22
302	271
302	380
302	383
302	490
303	5
303	73
303	295
303	386
303	428
304	26
304	29
304	99
304	285
304	351
304	369
305	176
305	346
305	349
305	426
306	49
306	127
306	162
306	342
306	390
306	405
306	486
307	95
307	145
307	202
307	233
307	287
307	299
308	140
308	181
308	198
308	201
308	335
308	384
308	417
309	25
309	38
309	145
309	209
309	357
309	443
310	173
310	242
310	261
310	402
311	36
311	140
311	181
311	251
311	433
311	481
312	35
312	113
312	192
312	332
312	473
313	138
313	194
313	277
313	327
313	437
314	17
314	63
314	259
314	315
314	356
314	474
315	17
315	53
315	259
315	314
315	456
315	495
316	61
316	101
316	109
316	115
316	278
316	400
316	465
317	10
317	186
317	239
317	245
317	264
317	421
318	18
318	54
318	105
318	174
318	220
319	79
319	82
319	85
319	101
319	255
319	257
320	142
320	177
320	200
320	292
320	340
320	462
321	41
321	68
321	160
321	272
321	376
321	491
322	32
322	112
322	187
322	199
322	402
323	143
323	147
323	150
323	180
323	326
323	361
324	1
324	39
324	408
324	424
324	435
324	461
325	158
325	273
325	286
325	438
325	479
325	488
326	150
326	180
326	197
326	279
326	323
326	378
326	483
327	15
327	138
327	163
327	194
327	229
327	313
328	16
328	45
328	140
328	335
328	481
329	9
329	42
329	270
329	484
329	487
330	30
330	107
330	117
330	221
330	412
330	425
330	457
331	1
331	266
331	293
331	403
331	435
332	35
332	155
332	189
332	192
332	312
332	437
332	446
332	489
333	141
333	177
333	205
333	253
333	292
334	117
334	184
334	226
334	275
334	371
334	406
334	457
335	16
335	140
335	178
335	308
335	328
335	417
336	76
336	80
336	285
336	350
336	369
336	471
337	48
337	207
337	237
337	403
337	435
337	458
338	40
338	154
338	159
338	232
338	274
338	427
338	455
339	50
339	143
339	361
339	391
340	200
340	241
340	278
340	320
340	462
340	465
341	68
341	373
341	439
341	451
341	482
342	162
342	247
342	306
342	460
342	486
343	59
343	83
343	89
343	122
343	381
343	461
344	141
344	195
344	205
344	253
344	432
345	38
345	50
345	78
345	90
345	120
345	202
346	176
346	206
346	245
346	256
346	305
346	349
346	411
347	42
347	114
347	270
347	398
347	420
347	449
348	160
348	230
348	272
348	372
348	404
348	467
349	10
349	245
349	305
349	346
349	426
350	76
350	197
350	336
350	363
350	369
350	483
351	26
351	131
351	267
351	285
351	294
351	304
352	13
352	43
352	124
352	135
352	144
352	153
352	413
352	464
353	64
353	126
353	266
353	273
353	293
353	355
354	91
354	92
354	164
354	225
354	359
355	64
355	102
355	234
355	266
355	353
355	409
356	17
356	63
356	110
356	183
356	286
356	314
357	25
357	56
357	77
357	145
357	309
358	106
358	182
358	210
358	276
358	370
358	456
359	92
359	206
359	225
359	288
359	354
359	452
360	49
360	65
360	258
360	393
360	396
360	480
361	50
361	66
361	143
361	147
361	282
361	323
361	339
362	87
362	126
362	139
362	158
362	193
362	379
362	414
362	478
362	479
362	495
363	76
363	180
363	263
363	350
363	391
363	483
364	64
364	157
364	165
364	191
364	247
364	379
364	431
365	85
365	109
365	196
365	244
365	254
365	262
365	400
366	40
366	116
366	160
366	230
366	404
366	445
367	33
367	151
367	179
367	395
367	468
367	484
368	8
368	57
368	112
368	199
368	242
369	99
369	197
369	285
369	304
369	336
369	350
370	182
370	222
370	358
370	386
370	394
370	428
370	456
371	103
371	149
371	184
371	203
371	226
371	334
372	264
372	272
372	348
372	421
372	453
372	467
373	11
373	19
373	71
373	203
373	341
373	439
373	482
374	73
374	106
374	136
374	494
375	142
375	170
375	177
375	228
375	463
376	97
376	186
376	272
376	321
376	421
376	491
377	72
377	121
377	176
377	219
377	426
377	450
378	75
378	197
378	231
378	279
378	326
379	87
379	139
379	191
379	362
379	364
379	431
380	22
380	70
380	108
380	248
380	268
380	302
380	383
381	59
381	188
381	237
381	343
381	442
381	461
382	31
382	72
382	227
382	284
382	472
383	83
383	122
383	268
383	271
383	302
383	380
384	195
384	198
384	201
384	308
384	432
384	440
385	28
385	84
385	189
386	5
386	222
386	303
386	370
386	428
387	5
387	55
387	119
387	152
387	291
387	448
387	475
388	104
388	260
388	401
388	493
388	498
388	499
389	22
389	70
389	146
389	166
389	476
390	3
390	124
390	162
390	265
390	306
390	405
391	21
391	50
391	78
391	143
391	180
391	263
391	339
391	363
392	19
392	97
392	121
392	239
392	439
392	450
393	49
393	127
393	258
393	360
393	489
394	190
394	222
394	288
394	370
394	399
395	114
395	151
395	243
395	270
395	367
395	484
396	49
396	65
396	224
396	360
396	486
397	51
397	91
397	125
397	204
397	269
397	398
397	420
398	42
398	235
398	269
398	347
398	397
398	420
399	12
399	34
399	190
399	288
399	394
400	109
400	115
400	262
400	316
400	365
401	4
401	7
401	282
401	388
401	419
401	493
401	498
402	32
402	75
402	112
402	173
402	231
402	242
402	310
402	322
403	207
403	214
403	266
403	331
403	337
403	435
404	40
404	230
404	348
404	366
404	467
405	127
405	265
405	306
405	390
405	407
405	489
406	117
406	172
406	226
406	283
406	334
406	412
407	23
407	192
407	265
407	405
407	489
408	237
408	324
408	435
408	461
409	102
409	223
409	234
409	355
409	447
409	460
410	55
410	94
410	114
410	243
410	448
410	449
411	24
411	156
411	206
411	256
411	346
412	9
412	107
412	117
412	172
412	330
412	406
413	43
413	74
413	135
413	281
413	352
413	430
414	193
414	218
414	362
414	456
414	495
415	11
415	21
415	71
415	103
415	236
416	148
416	187
416	199
416	211
416	458
417	178
417	201
417	308
417	335
418	82
418	134
418	194
418	277
418	280
418	469
419	4
419	147
419	251
419	282
419	401
420	91
420	94
420	347
420	397
420	398
420	449
421	186
421	264
421	272
421	317
421	372
421	376
422	33
422	100
422	151
422	166
422	476
423	184
423	185
423	275
423	294
423	471
424	1
424	39
424	88
424	137
424	324
424	438
424	488
425	30
425	52
425	208
425	221
425	246
425	330
426	10
426	121
426	176
426	305
426	349
426	377
427	2
427	77
427	274
427	338
427	455
428	73
428	106
428	182
428	303
428	370
428	386
429	12
429	123
429	190
429	291
429	298
430	18
430	74
430	135
430	413
430	441
431	64
431	87
431	364
431	379
432	195
432	205
432	344
432	384
432	440
433	36
433	81
433	132
433	251
433	296
433	311
434	60
434	63
434	88
434	108
434	110
434	248
435	1
435	237
435	324
435	331
435	337
435	403
435	408
436	2
436	37
436	96
436	141
436	161
436	167
436	455
437	138
437	189
437	277
437	313
437	332
437	446
438	88
438	110
438	286
438	325
438	424
438	488
439	19
439	68
439	97
439	341
439	373
439	392
439	491
440	44
440	198
440	205
440	384
440	432
440	444
441	8
441	14
441	18
441	74
441	430
442	48
442	188
442	211
442	217
442	237
442	381
443	25
443	41
443	116
443	209
443	309
443	451
444	44
444	200
444	205
444	278
444	292
444	440
445	25
445	40
445	77
445	116
445	274
445	366
446	155
446	277
446	332
446	437
446	469
447	6
447	102
447	153
447	223
447	409
448	55
448	119
448	243
448	290
448	295
448	387
448	410
449	94
449	114
449	347
449	410
449	420
450	19
450	47
450	121
450	219
450	377
450	392
451	41
451	68
451	133
451	209
451	341
451	443
451	482
452	27
452	34
452	92
452	288
452	359
453	154
453	159
453	232
453	467
454	75
454	118
454	150
454	173
454	279
454	496
455	2
455	232
455	338
455	427
455	436
456	218
456	259
456	276
456	300
456	315
456	358
456	370
456	394
456	414
456	495
457	117
457	185
457	221
457	275
457	330
457	334
458	48
458	148
458	207
458	211
458	337
458	416
459	0
459	196
459	242
459	255
459	261
460	162
460	223
460	234
460	247
460	342
460	409
461	39
461	83
461	237
461	324
461	343
461	381
461	408
462	15
462	142
462	163
462	241
462	320
462	340
462	463
463	142
463	163
463	169
463	228
463	229
463	375
463	462
464	135
464	144
464	220
464	250
464	352
465	61
465	241
465	257
465	278
465	316
465	340
466	65
466	86
466	224
466	300
466	480
467	40
467	159
467	348
467	372
467	404
467	453
468	30
468	107
468	179
468	367
468	484
469	69
469	134
469	155
469	277
469	418
469	446
470	50
470	66
470	120
470	128
471	80
471	184
471	285
471	294
471	336
471	423
472	31
472	42
472	227
472	235
472	382
472	497
473	35
473	93
473	105
473	113
473	312
474	20
474	63
474	259
474	276
474	314
475	5
475	222
475	291
475	298
475	387
476	22
476	33
476	166
476	389
476	422
477	60
477	70
477	136
477	146
477	249
478	111
478	158
478	183
478	362
478	495
479	126
479	158
479	273
479	325
479	362
480	65
480	252
480	258
480	297
480	300
480	360
480	466
481	4
481	45
481	140
481	251
481	311
481	328
482	71
482	133
482	341
482	373
482	451
483	180
483	197
483	326
483	350
483	363
484	9
484	107
484	270
484	329
484	367
484	395
484	468
485	36
485	44
485	115
485	181
485	198
485	262
486	49
486	224
486	247
486	306
486	342
486	396
487	9
487	42
487	172
487	227
487	329
488	1
488	273
488	293
488	325
488	424
488	438
489	127
489	192
489	258
489	332
489	393
489	405
489	407
490	22
490	33
490	52
490	246
490	271
490	302
491	68
491	97
491	321
491	376
491	439
492	89
492	122
492	208
492	246
492	267
492	271
493	4
493	45
493	388
493	401
493	499
494	62
494	73
494	136
494	146
494	290
494	374
495	53
495	111
495	315
495	362
495	414
495	456
495	478
496	81
496	118
496	150
496	240
496	454
497	31
497	125
497	156
497	235
497	256
497	269
497	472
498	7
498	128
498	215
498	260
498	299
498	388
498	401
499	16
499	45
499	104
499	161
499	388
499	493
