0	35
0	250
0	253
0	319
0	333
0	364
0	441
1	110
1	140
1	203
1	291
1	317
1	394
1	407
2	56
2	120
2	164
2	357
2	464
3	35
3	191
3	246
3	263
3	467
3	484
4	88
4	232
4	258
4	275
4	305
4	465
5	37
5	106
5	307
5	382
5	428
6	149
6	273
6	289
6	362
6	462
7	54
7	183
7	257
7	396
8	72
8	103
8	206
8	210
8	242
8	304
8	435
8	450
9	93
9	189
9	229
9	302
9	326
9	399
10	76
10	141
10	234
10	280
10	406
10	492
11	91
11	139
11	144
11	265
11	269
11	354
11	463
12	53
12	59
12	67
12	180
12	388
12	452
13	148
13	151
13	178
13	227
13	329
13	341
13	432
13	453
14	87
14	95
14	144
14	150
14	217
14	255
14	443
15	217
15	311
15	361
15	387
15	429
15	460
16	88
16	160
16	331
16	374
16	465
17	123
17	301
17	370
17	476
18	204
18	239
18	286
18	344
18	400
18	492
19	47
19	128
19	162
19	270
19	365
20	44
20	205
20	335
20	378
21	40
21	137
21	298
21	355
21	488
22	200
22	316
22	341
22	424
22	434
22	453
23	93
23	153
23	212
23	229
23	347
23	399
23	426
24	39
24	49
24	127
24	131
24	262
24	416
25	98
25	134
25	254
25	339
25	415
25	496
26	157
26	295
26	322
26	348
26	446
27	32
27	62
27	154
27	180
27	274
27	388
27	474
28	163
28	168
28	184
28	330
28	440
29	137
29	176
29	259
29	427
29	478
29	485
29	488
30	261
30	276
30	284
30	317
30	490
31	75
31	228
31	295
31	414
32	27
32	62
32	154
32	170
32	332
32	491
33	56
33	155
33	340
33	464
33	479
33	493
34	51
34	346
34	408
34	429
34	455
34	460
35	0
35	3
35	113
35	333
35	441
35	467
35	484
36	58
36	86
36	225
36	283
36	325
36	384
37	5
37	106
37	122
37	290
37	373
37	382
37	490
38	108
38	138
38	142
38	264
38	308
38	444
39	24
39	49
39	114
39	131
39	188
39	398
39	466
40	21
40	89
40	298
40	355
40	480
41	115
41	145
41	172
41	181
41	259
41	313
41	397
42	64
42	159
42	185
42	246
42	372
42	436
43	80
43	100
43	124
43	268
43	459
43	489
43	498
44	20
44	137
44	166
44	182
44	205
44	258
44	305
44	335
44	442
45	171
45	231
45	391
45	439
45	475
46	145
46	243
46	272
46	323
46	366
46	397
46	481
47	19
47	162
47	270
47	438
48	125
48	133
48	328
48	343
48	389
48	470
49	24
49	39
49	114
49	133
49	416
50	57
50	233
50	277
50	338
50	375
50	495
51	34
51	96
51	202
51	302
51	326
51	408
51	429
52	70
52	167
52	218
52	368
52	390
52	454
53	12
53	59
53	67
53	174
53	243
53	321
53	323
54	7
54	257
54	282
54	325
54	396
55	60
55	178
55	201
55	315
55	414
56	2
56	33
56	164
56	264
56	464
56	493
57	50
57	69
57	220
57	277
57	430
57	494
57	495
58	36
58	86
58	257
58	325
58	419
59	12
59	53
59	180
59	310
59	320
59	321
60	55
60	75
60	287
60	315
60	414
60	418
61	186
61	193
61	231
61	239
61	344
61	404
62	27
62	32
62	170
62	175
62	180
62	310
63	67
63	74
63	98
63	174
63	179
63	452
64	42
64	233
64	281
64	372
64	375
64	436
65	256
65	427
65	433
65	442
65	478
66	97
66	100
66	192
66	214
66	459
67	12
67	53
67	63
67	174
67	452
68	207
68	250
68	271
68	294
68	364
69	57
69	74
69	98
69	117
69	220
69	495
70	52
70	113
70	390
70	454
70	458
71	244
71	266
71	338
71	358
71	375
72	8
72	201
72	206
72	389
72	402
72	450
73	109
73	118
73	152
73	158
73	192
73	380
74	63
74	69
74	98
74	117
74	179
74	297
75	31
75	60
75	295
75	410
75	414
75	418
76	10
76	94
76	280
76	303
76	447
76	492
77	86
77	292
77	300
77	403
77	409
77	419
78	272
78	320
78	321
78	353
78	481
79	184
79	199
79	209
79	340
79	440
79	487
80	43
80	236
80	268
80	299
80	309
80	498
81	88
81	166
81	182
81	258
81	374
82	90
82	210
82	306
82	318
82	337
82	405
82	435
83	177
83	281
83	356
83	430
83	448
83	461
84	187
84	263
84	319
84	333
84	421
84	484
84	499
85	111
85	283
85	342
85	363
86	36
86	58
86	77
86	225
86	252
86	409
86	419
87	14
87	150
87	217
87	248
87	359
87	387
88	4
88	16
88	81
88	258
88	374
88	465
89	40
89	157
89	298
89	410
89	418
89	480
89	482
90	82
90	146
90	214
90	306
90	337
90	411
91	11
91	129
91	139
91	245
91	367
91	463
92	215
92	224
92	274
92	379
92	420
92	473
92	474
93	9
93	23
93	229
93	399
94	198
94	248
94	278
94	303
94	359
94	456
95	14
95	197
95	202
95	217
95	443
96	51
96	197
96	202
96	307
96	326
96	382
96	486
97	66
97	100
97	192
97	211
97	230
97	349
97	381
98	25
98	63
98	69
98	74
98	174
98	220
98	415
98	496
99	108
99	120
99	142
99	221
99	357
100	43
100	66
100	97
100	230
100	459
100	489
101	212
101	219
101	324
101	385
101	423
101	457
102	259
102	313
102	360
102	395
102	433
102	478
103	8
103	242
103	306
103	369
103	435
104	287
104	350
104	393
104	418
104	480
105	107
105	118
105	119
105	194
105	369
105	437
106	5
106	37
106	261
106	428
106	477
106	490
107	105
107	194
107	242
107	369
107	497
108	38
108	99
108	142
108	164
108	264
108	357
109	73
109	152
109	158
109	284
109	394
109	407
110	1
110	122
110	203
110	235
110	290
110	317
111	85
111	225
111	252
111	283
111	363
111	420
111	473
112	266
112	327
112	345
112	358
112	403
112	425
113	35
113	70
113	121
113	213
113	390
113	441
113	458
113	467
114	39
114	49
114	125
114	133
114	304
114	466
114	497
115	41
115	145
115	172
115	236
115	299
115	366
116	139
116	197
116	265
116	367
116	373
116	382
117	69
117	74
117	244
117	249
117	297
117	338
117	495
118	73
118	105
118	146
118	158
118	369
118	380
118	437
119	105
119	149
119	194
119	276
119	362
119	437
120	2
120	99
120	221
120	251
120	357
120	464
120	472
121	113
121	159
121	390
121	467
122	37
122	110
122	290
122	317
122	490
123	17
123	126
123	128
123	301
123	470
123	476
123	483
124	43
124	247
124	337
124	411
124	459
124	498
125	48
125	114
125	133
125	304
125	389
125	450
126	123
126	128
126	151
126	329
126	365
126	483
127	24
127	131
127	262
127	370
127	385
128	19
128	123
128	126
128	162
128	365
128	476
129	91
129	136
129	235
129	245
129	367
129	422
130	161
130	282
130	342
130	377
130	413
131	24
131	39
131	127
131	324
131	385
131	398
132	200
132	287
132	314
132	315
132	341
132	393
133	48
133	49
133	114
133	125
133	301
133	416
133	470
134	25
134	299
134	339
134	366
134	496
135	245
135	271
135	383
135	463
135	469
136	129
136	213
136	245
136	336
136	383
136	422
136	458
137	21
137	29
137	44
137	314
137	316
137	355
137	427
137	442
137	488
138	38
138	142
138	171
138	293
138	439
138	444
139	11
139	91
139	116
139	265
139	367
140	1
140	203
140	218
140	291
140	336
140	454
141	10
141	156
141	207
141	234
141	260
141	401
141	406
142	38
142	99
142	108
142	138
142	221
142	238
142	293
143	188
143	219
143	273
143	289
143	312
143	398
143	423
144	11
144	14
144	255
144	265
144	354
144	443
145	41
145	46
145	115
145	366
145	397
146	90
146	118
146	214
146	306
146	369
146	380
147	241
147	311
147	361
148	13
148	178
148	315
148	341
149	6
149	119
149	261
149	276
149	362
149	462
150	14
150	87
150	255
150	278
150	359
151	13
151	126
151	227
151	329
151	343
151	483
152	73
152	109
152	192
152	352
152	381
152	394
153	23
153	229
153	307
153	347
153	428
153	477
154	27
154	32
154	161
154	274
154	491
155	33
155	163
155	340
155	376
155	464
155	471
156	141
156	196
156	207
156	234
156	237
156	294
157	26
157	89
157	295
157	334
157	410
157	446
157	482
158	73
158	109
158	118
158	276
158	284
158	437
159	42
159	121
159	246
159	368
159	390
159	436
159	467
160	16
160	170
160	232
160	331
160	449
160	465
161	130
161	154
161	224
161	274
161	377
161	413
161	491
162	19
162	47
162	128
162	417
162	438
162	476
163	28
163	155
163	168
163	340
163	345
163	440
163	471
164	2
164	56
164	108
164	264
164	357
165	255
165	278
165	303
165	354
165	386
165	447
166	44
166	81
166	182
166	258
167	52
167	218
167	240
167	288
167	368
167	461
168	28
168	163
168	330
168	345
168	425
169	205
169	222
169	256
169	353
169	360
169	378
170	32
170	62
170	160
170	175
170	232
170	332
170	449
171	45
171	138
171	391
171	439
171	444
172	41
172	115
172	181
172	226
172	236
172	285
172	309
173	249
173	252
173	297
173	379
173	409
173	473
174	53
174	63
174	67
174	98
174	243
174	496
175	62
175	170
175	232
175	275
175	310
175	351
176	29
176	298
176	482
176	485
176	488
177	83
177	211
177	240
177	349
177	448
177	461
178	13
178	55
178	148
178	201
178	227
178	315
178	402
179	63
179	74
179	215
179	297
179	379
179	452
180	12
180	27
180	59
180	62
180	310
180	388
181	41
181	172
181	259
181	285
181	334
181	485
182	81
182	166
182	282
182	331
182	374
182	396
183	7
183	223
183	251
183	257
183	396
183	445
184	28
184	79
184	209
184	296
184	330
184	440
184	499
185	42
185	191
185	246
185	266
185	330
185	372
185	425
186	61
186	208
186	231
186	344
186	475
187	84
187	209
187	404
187	421
187	487
187	499
188	39
188	143
188	289
188	398
188	466
189	9
189	302
189	346
189	399
189	408
189	455
189	457
190	223
190	300
190	327
190	445
190	471
191	3
191	185
191	246
191	263
191	296
191	330
192	66
192	73
192	97
192	152
192	214
192	380
192	381
193	61
193	199
193	231
193	371
193	404
193	487
194	105
194	107
194	119
194	362
194	466
194	497
195	226
195	247
195	309
195	322
195	405
195	498
196	156
196	234
196	237
196	269
196	280
196	386
197	95
197	96
197	116
197	202
197	265
197	382
197	443
198	147
198	361
198	456
199	79
199	193
199	308
199	340
199	371
199	479
199	487
200	22
200	132
200	314
200	341
200	434
201	55
201	72
201	178
201	206
201	402
201	414
201	451
202	51
202	95
202	96
202	197
202	217
202	429
203	1
203	110
203	140
203	235
203	336
203	422
204	18
204	239
204	253
204	260
204	400
204	401
204	412
205	20
205	44
205	169
205	256
205	378
205	442
206	8
206	72
206	201
206	210
206	451
207	68
207	141
207	156
207	294
207	364
207	401
208	186
208	286
208	344
208	439
208	475
208	492
209	79
209	184
209	187
209	487
209	499
210	8
210	82
210	206
210	228
210	318
210	435
210	451
211	97
211	177
211	240
211	349
211	381
211	431
212	23
212	101
212	219
212	312
212	347
212	426
212	457
213	113
213	136
213	250
213	271
213	383
213	441
213	458
214	66
214	90
214	146
214	192
214	380
214	411
214	459
215	92
215	179
215	379
215	388
215	452
215	474
216	222
216	275
216	305
216	335
216	351
216	378
216	468
217	14
217	15
217	87
217	95
217	202
217	387
217	429
218	52
218	140
218	167
218	240
218	291
218	431
218	454
219	101
219	143
219	212
219	312
219	423
220	57
220	69
220	98
220	254
220	415
220	494
221	99
221	120
221	142
221	238
222	169
222	216
222	353
222	378
222	468
223	183
223	190
223	257
223	300
223	419
223	445
224	92
224	161
224	274
224	363
224	413
224	420
225	36
225	86
225	111
225	252
225	283
226	172
226	195
226	285
226	309
226	322
226	446
227	13
227	151
227	178
227	328
227	343
227	402
228	31
228	210
228	295
228	318
228	348
228	414
228	451
229	9
229	23
229	93
229	153
229	307
229	326
229	486
230	97
230	100
230	349
230	356
230	392
230	448
230	489
231	45
231	61
231	186
231	193
231	371
231	391
231	475
232	4
232	160
232	170
232	175
232	275
232	465
233	50
233	64
233	277
233	281
233	375
234	10
234	141
234	156
234	196
234	280
235	110
235	129
235	203
235	290
235	367
235	422
236	80
236	115
236	172
236	299
236	309
237	156
237	196
237	269
237	294
237	469
238	142
238	293
238	439
239	18
239	61
239	204
239	344
239	404
239	412
240	167
240	177
240	211
240	218
240	431
240	461
241	189
241	311
241	346
242	8
242	103
242	107
242	304
242	369
242	497
243	46
243	53
243	174
243	323
243	366
243	496
244	71
244	117
244	249
244	338
244	358
245	91
245	129
245	135
245	136
245	383
245	463
246	3
246	42
246	159
246	185
246	191
246	467
247	124
247	195
247	337
247	405
247	498
248	87
248	94
248	359
248	387
248	456
249	117
249	173
249	244
249	297
249	358
249	409
250	0
250	68
250	213
250	271
250	364
250	441
251	120
251	183
251	376
251	396
251	445
251	464
251	472
252	86
252	111
252	173
252	225
252	409
252	473
253	0
253	204
253	319
253	364
253	401
253	412
254	25
254	220
254	339
254	356
254	392
254	415
254	494
255	14
255	144
255	150
255	165
255	278
255	354
256	65
256	169
256	205
256	360
256	433
256	442
257	7
257	54
257	58
257	183
257	223
257	325
257	419
258	4
258	44
258	81
258	88
258	166
258	305
259	29
259	41
259	102
259	181
259	313
259	478
259	485
260	141
260	204
260	400
260	401
260	406
261	30
261	106
261	149
261	276
261	462
261	477
261	490
262	24
262	127
262	370
262	416
263	3
263	84
263	191
263	296
263	484
263	499
264	38
264	56
264	108
264	164
264	308
264	493
265	11
265	116
265	139
265	144
265	197
265	443
266	71
266	112
266	185
266	358
266	372
266	375
266	425
267	282
267	331
267	332
267	377
267	449
267	491
268	43
268	80
268	299
268	339
268	392
268	489
269	11
269	196
269	237
269	354
269	386
269	463
269	469
270	19
270	47
270	329
270	365
270	424
270	432
270	438
271	68
271	135
271	213
271	250
271	294
271	383
271	469
272	46
272	78
272	353
272	360
272	395
272	397
272	481
273	6
273	143
273	289
273	312
273	462
274	27
274	92
274	154
274	161
274	224
274	474
275	4
275	175
275	216
275	232
275	305
275	351
276	30
276	119
276	149
276	158
276	261
276	284
276	437
277	50
277	57
277	233
277	281
277	430
278	94
278	150
278	165
278	255
278	303
278	359
279	316
279	417
279	424
279	438
280	10
280	76
280	196
280	234
280	386
280	447
281	64
281	83
281	233
281	277
281	288
281	430
281	436
281	461
282	54
282	130
282	182
282	267
282	283
282	325
282	331
282	342
282	377
282	396
283	36
283	85
283	111
283	225
283	282
283	325
283	342
283	384
284	30
284	109
284	158
284	276
284	317
284	407
285	172
285	181
285	226
285	334
285	446
286	18
286	208
286	344
286	492
287	60
287	104
287	132
287	315
287	393
287	418
288	167
288	281
288	368
288	436
288	461
289	6
289	143
289	188
289	273
289	362
289	466
290	37
290	110
290	122
290	235
290	367
290	373
291	1
291	140
291	218
291	352
291	394
291	431
292	77
292	358
292	403
292	409
293	138
293	142
293	238
293	439
294	68
294	156
294	207
294	237
294	271
294	469
295	26
295	31
295	75
295	157
295	228
295	348
295	410
296	184
296	191
296	263
296	330
296	499
297	74
297	117
297	173
297	179
297	249
297	379
298	21
298	40
298	89
298	176
298	482
298	488
299	80
299	115
299	134
299	236
299	268
299	339
299	366
300	77
300	190
300	223
300	327
300	403
300	419
301	17
301	123
301	133
301	370
301	416
301	470
302	9
302	51
302	189
302	326
302	408
303	76
303	94
303	165
303	278
303	447
304	8
304	114
304	125
304	242
304	450
304	497
305	4
305	44
305	216
305	258
305	275
305	335
306	82
306	90
306	103
306	146
306	369
306	435
307	5
307	96
307	153
307	229
307	382
307	428
307	486
308	38
308	199
308	264
308	371
308	444
308	479
308	493
309	80
309	172
309	195
309	226
309	236
309	498
310	59
310	62
310	175
310	180
310	320
310	351
310	468
311	15
311	147
311	241
311	346
311	361
311	460
312	143
312	212
312	219
312	273
312	347
312	462
313	41
313	102
313	259
313	395
313	397
314	132
314	137
314	200
314	316
314	350
314	355
314	393
314	434
315	55
315	60
315	132
315	148
315	178
315	287
315	341
316	22
316	44
316	137
316	279
316	314
316	424
316	434
317	1
317	30
317	110
317	122
317	284
317	407
317	490
318	82
318	210
318	228
318	348
318	405
319	0
319	84
319	253
319	333
319	412
319	421
320	59
320	78
320	310
320	321
320	353
320	468
321	53
321	59
321	78
321	320
321	323
321	481
322	26
322	195
322	226
322	348
322	405
322	446
323	46
323	53
323	243
323	321
323	481
324	101
324	131
324	385
324	398
324	423
325	36
325	54
325	58
325	257
325	282
325	283
325	384
326	9
326	51
326	96
326	229
326	302
326	486
327	112
327	190
327	300
327	345
327	403
327	471
328	48
328	227
328	343
328	389
328	402
329	13
329	126
329	151
329	270
329	365
329	432
330	28
330	168
330	184
330	185
330	191
330	296
330	425
331	16
331	160
331	182
331	267
331	282
331	374
331	449
332	32
332	170
332	267
332	449
332	491
333	0
333	35
333	84
333	319
333	484
334	157
334	181
334	285
334	446
334	482
334	485
335	20
335	44
335	216
335	305
335	378
336	136
336	140
336	203
336	422
336	454
336	458
337	82
337	90
337	124
337	247
337	405
337	411
338	50
338	71
338	117
338	244
338	375
338	495
339	25
339	134
339	254
339	268
339	299
339	392
340	33
340	79
340	155
340	163
340	199
340	440
340	479
341	13
341	22
341	132
341	148
341	200
341	315
341	453
342	85
342	130
342	282
342	283
342	363
342	413
343	48
343	151
343	227
343	328
343	470
343	483
344	18
344	61
344	186
344	208
344	239
344	286
345	112
345	163
345	168
345	327
345	425
345	471
346	34
346	189
346	241
346	311
346	455
346	460
347	23
347	153
347	212
347	312
347	462
347	477
348	26
348	228
348	295
348	318
348	322
348	405
349	97
349	177
349	211
349	230
349	448
350	104
350	314
350	355
350	393
350	480
351	175
351	216
351	275
351	310
351	468
352	152
352	291
352	381
352	394
352	431
353	78
353	169
353	222
353	272
353	320
353	360
353	468
354	11
354	144
354	165
354	255
354	269
354	386
355	21
355	40
355	137
355	314
355	350
355	480
356	83
356	230
356	254
356	392
356	430
356	448
356	494
357	2
357	99
357	108
357	120
357	164
358	71
358	112
358	244
358	249
358	266
358	292
358	403
358	409
359	87
359	94
359	150
359	248
359	278
360	102
360	169
360	256
360	272
360	353
360	395
360	433
361	15
361	147
361	198
361	311
361	387
361	456
362	6
362	119
362	149
362	194
362	289
362	466
363	85
363	111
363	224
363	342
363	413
363	420
364	0
364	68
364	207
364	250
364	253
364	401
365	19
365	126
365	128
365	270
365	329
366	46
366	115
366	134
366	145
366	243
366	299
366	496
367	91
367	116
367	129
367	139
367	235
367	290
367	373
368	52
368	159
368	167
368	288
368	390
368	436
369	103
369	105
369	107
369	118
369	146
369	242
369	306
370	17
370	127
370	262
370	301
370	385
370	416
370	457
370	476
371	193
371	199
371	231
371	308
371	391
371	444
372	42
372	64
372	185
372	266
372	375
373	37
373	116
373	290
373	367
373	382
374	16
374	81
374	88
374	182
374	331
375	50
375	64
375	71
375	233
375	266
375	338
375	372
376	155
376	251
376	445
376	464
376	471
377	130
377	161
377	267
377	282
377	491
378	20
378	169
378	205
378	216
378	222
378	335
379	92
379	173
379	179
379	215
379	297
379	473
380	73
380	118
380	146
380	192
380	214
381	97
381	152
381	192
381	211
381	352
381	431
382	5
382	37
382	96
382	116
382	197
382	307
382	373
383	135
383	136
383	213
383	245
383	271
384	36
384	283
384	325
385	101
385	127
385	131
385	324
385	370
385	457
386	165
386	196
386	269
386	280
386	354
386	447
387	15
387	87
387	217
387	248
387	361
387	456
388	12
388	27
388	180
388	215
388	452
388	474
389	48
389	72
389	125
389	328
389	402
389	450
390	52
390	70
390	113
390	121
390	159
390	368
391	45
391	171
391	231
391	371
391	444
392	230
392	254
392	268
392	339
392	356
392	489
393	104
393	132
393	287
393	314
393	350
394	1
394	109
394	152
394	291
394	352
394	407
395	102
395	272
395	313
395	360
395	397
396	7
396	54
396	183
396	251
396	282
396	472
397	41
397	46
397	145
397	272
397	313
397	395
398	39
398	131
398	143
398	188
398	324
398	423
399	9
399	23
399	93
399	189
399	426
399	457
400	18
400	204
400	260
400	406
400	492
401	141
401	204
401	207
401	253
401	260
401	364
402	72
402	178
402	201
402	227
402	328
402	389
403	77
403	112
403	292
403	300
403	327
403	358
404	61
404	187
404	193
404	239
404	412
404	421
404	487
405	82
405	195
405	247
405	318
405	322
405	337
405	348
406	10
406	141
406	260
406	400
406	492
407	1
407	109
407	284
407	317
407	394
408	34
408	51
408	189
408	302
408	455
409	77
409	86
409	173
409	249
409	252
409	292
409	358
410	75
410	89
410	157
410	295
410	418
411	90
411	124
411	214
411	337
411	459
412	204
412	239
412	253
412	319
412	404
412	421
413	130
413	161
413	224
413	342
413	363
414	31
414	55
414	60
414	75
414	201
414	228
414	451
415	25
415	98
415	220
415	254
416	24
416	49
416	133
416	262
416	301
416	370
417	279
417	316
417	438
418	60
418	75
418	89
418	104
418	287
418	410
418	480
419	58
419	77
419	86
419	223
419	257
419	300
420	92
420	111
420	224
420	363
420	473
421	84
421	187
421	319
421	404
421	412
422	129
422	136
422	203
422	235
422	336
423	101
423	143
423	219
423	324
423	398
424	22
424	270
424	279
424	316
424	432
424	438
424	453
425	112
425	168
425	185
425	266
425	330
425	345
426	23
426	212
426	399
426	457
427	29
427	65
427	137
427	442
427	478
428	5
428	106
428	153
428	307
428	477
429	15
429	34
429	51
429	202
429	217
429	460
430	57
430	83
430	277
430	281
430	356
430	494
431	211
431	218
431	240
431	291
431	352
431	381
432	13
432	270
432	329
432	424
432	453
433	65
433	102
433	256
433	360
433	478
434	22
434	200
434	314
434	316
435	8
435	82
435	103
435	210
435	306
436	42
436	64
436	159
436	281
436	288
436	368
437	105
437	118
437	119
437	158
437	276
438	47
438	162
438	270
438	279
438	417
438	424
439	45
439	76
439	138
439	171
439	208
439	293
439	475
439	492
440	28
440	79
440	163
440	184
440	340
441	0
441	35
441	113
441	213
441	250
442	44
442	65
442	137
442	205
442	256
442	427
443	14
443	95
443	144
443	197
443	265
444	38
444	138
444	171
444	308
444	371
444	391
445	183
445	190
445	223
445	251
445	376
445	471
446	26
446	157
446	226
446	285
446	322
446	334
447	76
447	165
447	280
447	303
447	386
448	83
448	177
448	230
448	349
448	356
449	160
449	170
449	267
449	331
449	332
450	8
450	72
450	125
450	304
450	389
451	201
451	206
451	210
451	228
451	414
452	12
452	63
452	67
452	179
452	215
452	388
453	13
453	22
453	341
453	424
453	432
454	52
454	70
454	140
454	218
454	336
454	458
455	34
455	189
455	346
455	408
456	94
456	198
456	248
456	361
456	387
457	101
457	162
457	212
457	370
457	385
457	399
457	426
457	476
458	70
458	113
458	136
458	213
458	336
458	454
459	43
459	66
459	100
459	124
459	214
459	411
460	15
460	34
460	311
460	346
460	429
461	83
461	167
461	177
461	240
461	281
461	288
462	6
462	149
462	261
462	273
462	312
462	347
462	477
463	11
463	91
463	135
463	245
463	269
463	469
464	2
464	33
464	56
464	120
464	155
464	251
464	376
465	4
465	16
465	88
465	160
465	232
466	39
466	114
466	188
466	194
466	289
466	362
466	497
467	3
467	35
467	113
467	121
467	159
467	246
468	216
468	222
468	310
468	320
468	351
468	353
469	135
469	237
469	269
469	271
469	294
469	463
470	48
470	123
470	133
470	301
470	343
470	483
471	155
471	163
471	190
471	327
471	345
471	376
471	445
472	120
472	221
472	251
473	92
473	111
473	173
473	252
473	379
473	420
474	27
474	92
474	215
474	274
474	388
475	45
475	186
475	208
475	231
475	439
476	17
476	123
476	128
476	162
476	370
476	457
477	106
477	153
477	261
477	347
477	428
477	462
478	29
478	65
478	102
478	259
478	427
478	433
479	33
479	199
479	308
479	340
479	493
480	40
480	89
480	104
480	350
480	355
480	418
481	46
481	78
481	272
481	321
481	323
482	89
482	157
482	176
482	298
482	334
482	485
483	123
483	126
483	151
483	343
483	470
484	3
484	35
484	84
484	263
484	333
485	29
485	176
485	181
485	259
485	334
485	482
486	96
486	229
486	307
486	326
487	79
487	187
487	193
487	199
487	209
487	404
488	21
488	29
488	137
488	176
488	298
489	43
489	100
489	230
489	268
489	392
490	30
490	37
490	106
490	122
490	261
490	317
491	32
491	154
491	161
491	267
491	332
491	377
492	10
492	18
492	76
492	208
492	286
492	400
492	406
492	439
493	33
493	56
493	264
493	308
493	479
494	57
494	220
494	254
494	356
494	430
495	50
495	57
495	69
495	117
495	338
496	25
496	98
496	134
496	174
496	243
496	366
497	107
497	114
497	194
497	242
497	304
497	466
498	43
498	80
498	124
498	195
498	247
498	309
499	84
499	184
499	187
499	209
499	263
499	296
